Title: mars_mafic

Bulk Composition:
Pressure Temperature mass SiO2 TiO2 Al2O3 Fe2O3 FeO MnO MgO CaO Na2O K2O P2O5 
1000.00 1300.00 99.925649 49.3045 0.980129 10.5009 3.30205 15.2305 0.380083 9.06084 6.92065 2.97031 0.450035 0.900069
1000.00 1295.00 99.925953 49.3043 0.980126 10.5009 3.30508 15.2277 0.380081 9.06081 6.92062 2.9703 0.450033 0.900066
1000.00 1290.00 99.926268 49.3042 0.980123 10.5008 3.30822 15.2248 0.38008 9.06078 6.9206 2.97029 0.450032 0.900064
1000.00 1285.00 99.926596 49.304 0.980119 10.5008 3.31148 15.2218 0.380079 9.06075 6.92058 2.97028 0.45003 0.900061
1000.00 1280.00 99.926935 49.3038 0.980116 10.5008 3.31486 15.2187 0.380078 9.06072 6.92056 2.97027 0.450029 0.900058
1000.00 1275.00 99.927287 49.3036 0.980113 10.5007 3.31836 15.2155 0.380076 9.06069 6.92053 2.97026 0.450027 0.900054
1000.00 1270.00 99.927651 49.3035 0.980109 10.5007 3.32198 15.2122 0.380075 9.06066 6.92051 2.97025 0.450026 0.900051
1000.00 1265.00 99.928027 49.3033 0.980105 10.5007 3.32573 15.2087 0.380074 9.06062 6.92048 2.97024 0.450024 0.900048
1000.00 1260.00 99.928358 49.3031 0.980102 10.5006 3.32902 15.2057 0.380072 9.06059 6.92046 2.97023 0.450022 0.900045
1000.00 1255.00 99.928354 49.3031 0.980102 10.5006 3.32898 15.2057 0.380072 9.06059 6.92046 2.97023 0.450022 0.900045
1000.00 1250.00 99.928343 49.3031 0.980102 10.5006 3.32888 15.2058 0.380072 9.06059 6.92046 2.97023 0.450022 0.900045
1000.00 1245.00 99.928324 49.3031 0.980102 10.5006 3.32868 15.206 0.380072 9.06059 6.92046 2.97023 0.450023 0.900045
1000.00 1240.00 99.928294 49.3032 0.980103 10.5006 3.32839 15.2063 0.380073 9.0606 6.92046 2.97023 0.450023 0.900045
1000.00 1235.00 99.928252 49.3032 0.980103 10.5006 3.32797 15.2067 0.380073 9.0606 6.92047 2.97023 0.450023 0.900046
1000.00 1230.00 99.928197 49.3032 0.980104 10.5006 3.32742 15.2072 0.380073 9.06061 6.92047 2.97023 0.450023 0.900046
1000.00 1225.00 99.928126 49.3032 0.980104 10.5006 3.32672 15.2078 0.380073 9.06061 6.92047 2.97023 0.450023 0.900047
1000.00 1220.00 99.928038 49.3033 0.980105 10.5007 3.32584 15.2086 0.380073 9.06062 6.92048 2.97024 0.450024 0.900048
1000.00 1215.00 99.927931 49.3033 0.980106 10.5007 3.32477 15.2096 0.380074 9.06063 6.92049 2.97024 0.450024 0.900049
1000.00 1210.00 99.927803 49.3034 0.980108 10.5007 3.3235 15.2108 0.380074 9.06064 6.9205 2.97024 0.450025 0.90005
1000.00 1205.00 99.927652 49.3035 0.980109 10.5007 3.32199 15.2122 0.380075 9.06066 6.92051 2.97025 0.450026 0.900051
1000.00 1200.00 99.927475 49.3036 0.980111 10.5007 3.32024 15.2138 0.380076 9.06067 6.92052 2.97025 0.450026 0.900053
1000.00 1195.00 99.927271 49.3037 0.980113 10.5007 3.31821 15.2156 0.380076 9.06069 6.92053 2.97026 0.450027 0.900055
1000.00 1190.00 99.927038 49.3038 0.980115 10.5008 3.31588 15.2178 0.380077 9.06071 6.92055 2.97027 0.450028 0.900057
1000.00 1185.00 99.926773 49.3039 0.980118 10.5008 3.31324 15.2202 0.380078 9.06073 6.92057 2.97028 0.45003 0.900059
1000.00 1180.00 99.926474 49.3041 0.980121 10.5008 3.31027 15.2229 0.380079 9.06076 6.92059 2.97028 0.450031 0.900062
1000.00 1175.00 99.926140 49.3042 0.980124 10.5009 3.30694 15.226 0.380081 9.06079 6.92061 2.97029 0.450032 0.900065
1000.00 1170.00 99.925767 49.3044 0.980128 10.5009 3.30323 15.2294 0.380082 9.06083 6.92064 2.97031 0.450034 0.900068
1000.00 1165.00 99.925355 49.3046 0.980132 10.5009 3.29913 15.2332 0.380084 9.06086 6.92067 2.97032 0.450036 0.900072
1000.00 1160.00 99.924901 49.3048 0.980136 10.501 3.29461 15.2373 0.380085 9.0609 6.9207 2.97033 0.450038 0.900076
1000.00 1155.00 99.924306 49.3051 0.980142 10.501 3.28868 15.2428 0.380088 9.06096 6.92074 2.97035 0.450041 0.900081
1000.00 1150.00 99.922430 49.306 0.98016 10.5012 3.27 15.2599 0.380095 9.06113 6.92087 2.9704 0.450049 0.900098
1000.00 1145.00 99.917819 49.3083 0.980206 10.5017 3.2241 15.302 0.380112 9.06155 6.92119 2.97054 0.45007 0.90014
1000.00 1140.00 99.913052 49.3107 0.980252 10.5022 3.17663 15.3456 0.380131 9.06198 6.92152 2.97068 0.450091 0.900183
1000.00 1135.00 99.908305 49.313 0.980299 10.5027 3.12935 15.389 0.380149 9.06241 6.92185 2.97082 0.450113 0.900225
1000.00 1130.00 99.903515 49.3154 0.980346 10.5032 3.08165 15.4328 0.380167 9.06284 6.92218 2.97097 0.450134 0.900269
1000.00 1125.00 99.898589 49.3178 0.980394 10.5038 3.03258 15.4779 0.380186 9.06329 6.92252 2.97111 0.450157 0.900313
1000.00 1120.00 99.893355 49.3204 0.980446 10.5043 2.98045 15.5257 0.380205 9.06377 6.92288 2.97127 0.45018 0.90036
1000.00 1115.00 99.887448 49.3233 0.980504 10.5049 2.92159 15.5798 0.380228 9.0643 6.92329 2.97144 0.450207 0.900413
1000.00 1110.00 99.879722 49.3271 0.980579 10.5057 2.84462 15.6505 0.380257 9.065 6.92383 2.97167 0.450242 0.900483
1000.00 1105.00 99.843368 49.3451 0.980936 10.5096 2.48223 15.9832 0.380396 9.0683 6.92635 2.97276 0.450405 0.900811
1000.00 1100.00 99.839071 49.3472 0.980979 10.51 2.43937 16.0225 0.380412 9.06869 6.92665 2.97288 0.450425 0.90085
1000.00 1095.00 99.837183 49.3481 0.980997 10.5102 2.42055 16.0398 0.380419 9.06887 6.92678 2.97294 0.450433 0.900867
1000.00 1090.00 99.836242 49.3486 0.981006 10.5103 2.41116 16.0484 0.380423 9.06895 6.92684 2.97297 0.450438 0.900875
1000.00 1085.00 99.835859 49.3488 0.98101 10.5104 2.40735 16.0519 0.380424 9.06899 6.92687 2.97298 0.450439 0.900879
1000.00 1080.00 99.835866 49.3488 0.98101 10.5104 2.40741 16.0519 0.380424 9.06899 6.92687 2.97298 0.450439 0.900879
1000.00 1075.00 99.833403 49.35 0.981034 10.5106 2.38285 16.0744 0.380434 9.06921 6.92704 2.97305 0.45045 0.900901
1000.00 1070.00 99.830090 49.3517 0.981067 10.511 2.3498 16.1047 0.380446 9.06951 6.92727 2.97315 0.450465 0.900931
1000.00 1065.00 99.826891 49.3532 0.981098 10.5113 2.31789 16.134 0.380459 9.0698 6.92749 2.97325 0.45048 0.90096
1000.00 1060.00 99.823863 49.3547 0.981128 10.5116 2.28768 16.1618 0.38047 9.07008 6.9277 2.97334 0.450493 0.900987
1000.00 1055.00 99.820937 49.3562 0.981157 10.5119 2.2585 16.1886 0.380481 9.07034 6.92791 2.97342 0.450507 0.901013
1000.00 1050.00 99.818061 49.3576 0.981185 10.5122 2.2298 16.2149 0.380492 9.0706 6.92811 2.97351 0.45052 0.901039
1000.00 1045.00 99.815202 49.359 0.981213 10.5125 2.20128 16.2411 0.380503 9.07086 6.9283 2.9736 0.450533 0.901065
1000.00 1040.00 99.812334 49.3604 0.981241 10.5128 2.17266 16.2674 0.380514 9.07112 6.9285 2.97368 0.450546 0.901091
1000.00 1035.00 99.812334 49.3604 0.981241 10.5128 2.17266 16.2674 0.380514 9.07112 6.9285 2.97368 0.450546 0.901091
1000.00 1030.00 100.033894 49.2511 0.979068 10.4895 4.37853 14.2422 0.379671 9.05103 6.91316 2.96709 0.449548 0.899095
1000.00 1025.00 100.033601 49.2513 0.979071 10.4896 4.37561 14.2448 0.379672 9.05106 6.91318 2.9671 0.449549 0.899098
1000.00 1020.00 100.033318 49.2514 0.979074 10.4896 4.3728 14.2474 0.379673 9.05108 6.9132 2.96711 0.44955 0.8991
1000.00 1015.00 100.033045 49.2515 0.979076 10.4896 4.37009 14.2499 0.379675 9.05111 6.91322 2.96712 0.449551 0.899103
1000.00 1010.00 100.032784 49.2517 0.979079 10.4897 4.36749 14.2523 0.379676 9.05113 6.91323 2.96713 0.449553 0.899105
1000.00 1005.00 100.032784 49.2517 0.979079 10.4897 4.36749 14.2523 0.379676 9.05113 6.91323 2.96713 0.449553 0.899105
1000.00 1000.00 100.032784 49.2517 0.979079 10.4897 4.36749 14.2523 0.379676 9.05113 6.91323 2.96713 0.449553 0.899105
1000.00 995.00 100.032784 49.2517 0.979079 10.4897 4.36749 14.2523 0.379676 9.05113 6.91323 2.96713 0.449553 0.899105
1000.00 990.00 100.032784 49.2517 0.979079 10.4897 4.36749 14.2523 0.379676 9.05113 6.91323 2.96713 0.449553 0.899105
1000.00 985.00 100.032784 49.2517 0.979079 10.4897 4.36749 14.2523 0.379676 9.05113 6.91323 2.96713 0.449553 0.899105
1000.00 980.00 100.032784 49.2517 0.979079 10.4897 4.36749 14.2523 0.379676 9.05113 6.91323 2.96713 0.449553 0.899105
1000.00 975.00 100.032784 49.2517 0.979079 10.4897 4.36749 14.2523 0.379676 9.05113 6.91323 2.96713 0.449553 0.899105
1000.00 970.00 100.031077 49.2525 0.979096 10.4898 4.35053 14.2679 0.379682 9.05129 6.91335 2.96718 0.44956 0.899121
1000.00 965.00 100.030913 49.2526 0.979097 10.4899 4.3489 14.2694 0.379683 9.0513 6.91336 2.96718 0.449561 0.899122
1000.00 960.00 100.030913 49.2526 0.979097 10.4899 4.3489 14.2694 0.379683 9.0513 6.91336 2.96718 0.449561 0.899122
1000.00 955.00 100.030618 49.2527 0.9791 10.4899 4.34598 14.272 0.379684 9.05133 6.91338 2.96719 0.449562 0.899125
1000.00 950.00 100.030487 49.2528 0.979101 10.4899 4.34468 14.2732 0.379684 9.05134 6.91339 2.9672 0.449563 0.899126
1000.00 945.00 100.030368 49.2528 0.979103 10.4899 4.34349 14.2743 0.379685 9.05135 6.9134 2.9672 0.449563 0.899127
1000.00 940.00 100.030260 49.2529 0.979104 10.4899 4.34242 14.2753 0.379685 9.05136 6.91341 2.9672 0.449564 0.899128
1000.00 935.00 100.030163 49.2529 0.979105 10.4899 4.34146 14.2762 0.379685 9.05137 6.91341 2.96721 0.449564 0.899129
1000.00 930.00 100.030078 49.253 0.979105 10.4899 4.34062 14.277 0.379686 9.05138 6.91342 2.96721 0.449565 0.89913
1000.00 925.00 100.030005 49.253 0.979106 10.49 4.33988 14.2776 0.379686 9.05138 6.91343 2.96721 0.449565 0.89913
1000.00 920.00 100.029943 49.2531 0.979107 10.49 4.33927 14.2782 0.379686 9.05139 6.91343 2.96721 0.449565 0.899131
1000.00 915.00 100.029892 49.2531 0.979107 10.49 4.33877 14.2787 0.379686 9.05139 6.91343 2.96721 0.449566 0.899131
1000.00 910.00 100.029853 49.2531 0.979108 10.49 4.33838 14.279 0.379687 9.0514 6.91344 2.96721 0.449566 0.899132
1000.00 905.00 100.029826 49.2531 0.979108 10.49 4.33811 14.2793 0.379687 9.0514 6.91344 2.96722 0.449566 0.899132
1000.00 900.00 100.029810 49.2531 0.979108 10.49 4.33795 14.2794 0.379687 9.0514 6.91344 2.96722 0.449566 0.899132
1000.00 895.00 100.029807 49.2531 0.979108 10.49 4.33792 14.2794 0.379687 9.0514 6.91344 2.96722 0.449566 0.899132
1000.00 890.00 100.029815 49.2531 0.979108 10.49 4.338 14.2794 0.379687 9.0514 6.91344 2.96722 0.449566 0.899132
1000.00 885.00 100.029835 49.2531 0.979108 10.49 4.3382 14.2792 0.379687 9.0514 6.91344 2.96721 0.449566 0.899132
1000.00 880.00 100.029866 49.2531 0.979108 10.49 4.33851 14.2789 0.379687 9.0514 6.91344 2.96721 0.449566 0.899131
1000.00 875.00 100.029910 49.2531 0.979107 10.49 4.33895 14.2785 0.379686 9.05139 6.91343 2.96721 0.449566 0.899131
1000.00 870.00 100.029966 49.253 0.979107 10.49 4.3395 14.278 0.379686 9.05139 6.91343 2.96721 0.449565 0.899131
1000.00 865.00 100.030034 49.253 0.979106 10.4899 4.34017 14.2774 0.379686 9.05138 6.91342 2.96721 0.449565 0.89913
1000.00 860.00 100.030113 49.253 0.979105 10.4899 4.34097 14.2766 0.379686 9.05137 6.91342 2.96721 0.449565 0.899129
1000.00 855.00 100.030205 49.2529 0.979104 10.4899 4.34188 14.2758 0.379685 9.05137 6.91341 2.9672 0.449564 0.899128
1000.00 850.00 100.030309 49.2529 0.979103 10.4899 4.34291 14.2749 0.379685 9.05136 6.9134 2.9672 0.449564 0.899127
1000.00 845.00 100.030425 49.2528 0.979102 10.4899 4.34406 14.2738 0.379684 9.05135 6.9134 2.9672 0.449563 0.899126
1000.00 840.00 100.030553 49.2528 0.979101 10.4899 4.34533 14.2726 0.379684 9.05133 6.91339 2.96719 0.449563 0.899125
1000.00 835.00 100.030553 49.2528 0.979101 10.4899 4.34533 14.2726 0.379684 9.05133 6.91339 2.96719 0.449563 0.899125
1000.00 830.00 100.030846 49.2526 0.979098 10.4899 4.34824 14.27 0.379683 9.05131 6.91337 2.96718 0.449561 0.899123
1000.00 825.00 100.031011 49.2525 0.979096 10.4898 4.34988 14.2685 0.379682 9.05129 6.91336 2.96718 0.449561 0.899121
1000.00 820.00 100.031187 49.2524 0.979095 10.4898 4.35163 14.2668 0.379682 9.05128 6.91334 2.96717 0.44956 0.89912
1000.00 815.00 100.031376 49.2523 0.979093 10.4898 4.35351 14.2651 0.379681 9.05126 6.91333 2.96717 0.449559 0.899118
1000.00 810.00 100.031577 49.2522 0.979091 10.4898 4.35551 14.2633 0.37968 9.05124 6.91332 2.96716 0.449558 0.899116
1000.00 805.00 100.031791 49.2521 0.979089 10.4898 4.35763 14.2613 0.379679 9.05122 6.9133 2.96716 0.449557 0.899114
1000.00 800.00 100.032016 49.252 0.979087 10.4897 4.35987 14.2593 0.379678 9.0512 6.91329 2.96715 0.449556 0.899112