Title: mars_mafic

Liquid Composition:
Pressure Temperature mass SiO2 TiO2 Al2O3 Fe2O3 FeO MnO MgO CaO Na2O K2O P2O5 
1000.00 1300.00 99.925649 49.3045 0.980129 10.5009 3.30205 15.2305 0.380083 9.06084 6.92065 2.97031 0.450035 0.900069
1000.00 1295.00 99.925953 49.3043 0.980126 10.5009 3.30508 15.2277 0.380081 9.06081 6.92062 2.9703 0.450033 0.900066
1000.00 1290.00 99.926268 49.3042 0.980123 10.5008 3.30822 15.2248 0.38008 9.06078 6.9206 2.97029 0.450032 0.900064
1000.00 1285.00 99.926596 49.304 0.980119 10.5008 3.31148 15.2218 0.380079 9.06075 6.92058 2.97028 0.45003 0.900061
1000.00 1280.00 99.926935 49.3038 0.980116 10.5008 3.31486 15.2187 0.380078 9.06072 6.92056 2.97027 0.450029 0.900058
1000.00 1275.00 99.927287 49.3036 0.980113 10.5007 3.31836 15.2155 0.380076 9.06069 6.92053 2.97026 0.450027 0.900054
1000.00 1270.00 99.927651 49.3035 0.980109 10.5007 3.32198 15.2122 0.380075 9.06066 6.92051 2.97025 0.450026 0.900051
1000.00 1265.00 99.928027 49.3033 0.980105 10.5007 3.32573 15.2087 0.380074 9.06062 6.92048 2.97024 0.450024 0.900048
1000.00 1260.00 99.798171 49.2956 0.981301 10.5118 3.33187 15.2118 0.380568 9.03279 6.92834 2.97408 0.450609 0.901219
1000.00 1255.00 98.924482 49.2456 0.989422 10.587 3.35099 15.2515 0.383929 8.84602 6.98152 3.00017 0.454589 0.909178
1000.00 1250.00 98.063112 49.1968 0.997553 10.6621 3.36987 15.2883 0.387302 8.66166 7.03435 3.02635 0.458582 0.917164
1000.00 1245.00 97.213283 49.1491 1.0057 10.7371 3.38852 15.3221 0.390687 8.47967 7.08684 3.05262 0.462591 0.925182
1000.00 1240.00 96.374237 49.1025 1.01387 10.8119 3.40692 15.3528 0.394089 8.30003 7.13899 3.079 0.466618 0.933237
1000.00 1235.00 95.545230 49.0571 1.02207 10.8867 3.42508 15.3805 0.397508 8.1227 7.19081 3.10552 0.470667 0.941334
1000.00 1230.00 94.725532 49.0128 1.03031 10.9615 3.44299 15.4051 0.400948 7.94766 7.24229 3.13218 0.47474 0.94948
1000.00 1225.00 93.914426 48.9697 1.03859 11.0363 3.46063 15.4265 0.404411 7.77489 7.29342 3.15901 0.47884 0.95768
1000.00 1220.00 93.111207 48.9277 1.04692 11.1113 3.47801 15.4447 0.407899 7.60434 7.3442 3.18603 0.482971 0.965942
1000.00 1215.00 92.315179 48.8868 1.0553 11.1864 3.49512 15.4596 0.411417 7.43601 7.39464 3.21326 0.487135 0.974271
1000.00 1210.00 91.525660 48.8471 1.06376 11.2617 3.51195 15.4712 0.414966 7.26985 7.44471 3.24073 0.491338 0.982675
1000.00 1205.00 90.741947 48.8086 1.07228 11.3373 3.52849 15.4794 0.41855 7.10584 7.49441 3.26846 0.495581 0.991162
1000.00 1200.00 89.963093 48.7711 1.0809 11.4133 3.54472 15.484 0.422173 6.94389 7.54374 3.29648 0.499872 0.999743
1000.00 1195.00 89.188372 48.7348 1.0896 11.4898 3.56065 15.4852 0.42584 6.78397 7.5927 3.32482 0.504214 1.00843
1000.00 1190.00 88.417145 48.6997 1.09842 11.5667 3.57626 15.4827 0.429555 6.62604 7.64128 3.35352 0.508612 1.01722
1000.00 1185.00 87.648785 48.6657 1.10735 11.6443 3.59153 15.4765 0.43332 6.47009 7.68944 3.3826 0.51307 1.02614
1000.00 1180.00 86.882673 48.6329 1.1164 11.7225 3.60645 15.4665 0.437141 6.3161 7.73717 3.4121 0.517595 1.03519
1000.00 1175.00 86.118202 48.6013 1.12559 11.8014 3.62101 15.4526 0.441022 6.16404 7.78443 3.44204 0.522189 1.04438
1000.00 1170.00 85.354777 48.5708 1.13492 11.8811 3.63517 15.4348 0.444966 6.0139 7.83121 3.47246 0.52686 1.05372
1000.00 1165.00 84.591816 48.5416 1.14442 11.9617 3.64894 15.413 0.44898 5.86565 7.87746 3.50339 0.531612 1.06322
1000.00 1160.00 83.828752 48.5137 1.15408 12.0433 3.66227 15.387 0.453066 5.71927 7.92314 3.53487 0.536451 1.0729
1000.00 1155.00 79.396508 48.6645 1.19936 12.3409 3.62355 15.05 0.478359 5.44903 7.77781 3.71736 0.566398 1.1328
1000.00 1150.00 76.557143 48.5483 1.23953 12.2324 3.6807 15.2294 0.4961 5.28051 7.76511 3.76894 0.584196 1.17481
1000.00 1145.00 71.607913 48.3196 1.31925 11.8558 3.80206 15.7587 0.530388 5.11972 7.66592 3.81937 0.615478 1.19374
1000.00 1140.00 66.924690 48.064 1.40503 11.4783 3.92554 16.3157 0.567504 4.97187 7.56302 3.86176 0.646787 1.20058
1000.00 1135.00 62.541580 47.7573 1.49648 11.0917 4.0522 16.8976 0.607276 4.84105 7.47507 3.89201 0.676952 1.21234
1000.00 1130.00 58.405806 47.388 1.59495 10.6898 4.18385 17.5177 0.650278 4.72866 7.40353 3.90812 0.705139 1.22992
1000.00 1125.00 54.460960 46.9373 1.70257 10.2624 4.3233 18.1969 0.69738 4.6374 7.35128 3.90657 0.730018 1.25488
1000.00 1120.00 50.634378 46.3713 1.82308 9.79054 4.47548 18.9726 0.750083 4.57276 7.32412 3.88069 0.74925 1.29016
1000.00 1115.00 46.800795 45.6175 1.96445 9.23314 4.65069 19.9242 0.811525 4.54717 7.33529 3.81583 0.757975 1.34223
1000.00 1110.00 42.606053 44.4505 2.15156 8.46113 4.88034 21.2982 0.891423 4.60029 7.42721 3.66594 0.741629 1.43178
1000.00 1105.00 30.387546 36.865 3.04019 4.29156 5.84852 29.3985 1.24985 5.77548 8.74014 2.23943 0.327012 2.22434
1000.00 1100.00 28.555948 35.4792 3.2216 3.69259 5.99148 30.7207 1.33002 5.90716 8.91053 2.05448 0.267674 2.42456
1000.00 1095.00 27.408835 34.6601 3.33985 3.37301 6.07797 31.4721 1.38568 5.95395 8.97116 1.97586 0.238778 2.55146
1000.00 1090.00 26.516368 34.039 3.43373 3.14893 6.14592 32.0124 1.43232 5.97437 9.00112 1.9332 0.219895 2.65907
1000.00 1085.00 25.766565 33.5251 3.51329 2.97547 6.20449 32.4338 1.474 5.98198 9.0176 1.90947 0.206143 2.75867
1000.00 1080.00 25.110561 33.0794 3.5829 2.83362 6.25758 32.7758 1.51251 5.98227 9.02788 1.89748 0.195504 2.8551
1000.00 1075.00 24.071096 32.712 3.71244 2.69019 6.31366 33.1251 1.47241 5.92391 9.05629 1.87991 0.186824 2.92724
1000.00 1070.00 22.911603 32.381 3.87112 2.55549 6.36937 33.4476 1.40228 5.84409 9.09485 1.8618 0.179692 2.99273
1000.00 1065.00 21.788083 32.0662 4.03716 2.43476 6.42292 33.722 1.33167 5.76371 9.13924 1.84609 0.173853 3.06241
1000.00 1060.00 20.528724 31.7382 4.21482 2.32488 6.47115 34.0172 1.25874 5.67889 9.16138 1.82669 0.168395 3.13963
1000.00 1055.00 19.244187 31.4152 4.40202 2.22419 6.51751 34.2757 1.18708 5.59271 9.19034 1.80662 0.16379 3.22482
1000.00 1050.00 17.950447 31.0976 4.59977 2.13098 6.56315 34.485 1.11812 5.50575 9.23439 1.78563 0.160042 3.31961
1000.00 1045.00 16.631656 30.7811 4.80965 2.04371 6.6085 34.6452 1.05251 5.41772 9.29581 1.76276 0.157043 3.42604
1000.00 1040.00 15.268720 30.4619 5.03283 1.961 6.65401 34.7565 0.990729 5.32812 9.37674 1.73729 0.154701 3.54621
1000.00 1035.00 15.268720 30.4619 5.03283 1.961 6.65401 34.7565 0.990729 5.32812 9.37674 1.73729 0.154701 3.54621
1000.00 1030.00 0.000000 ---
1000.00 1025.00 0.000000 ---
1000.00 1020.00 0.000000 ---
1000.00 1015.00 0.000000 ---
1000.00 1010.00 0.000000 ---
1000.00 1005.00 0.000000 ---
1000.00 1000.00 0.000000 ---
1000.00 995.00 0.000000 ---
1000.00 990.00 0.000000 ---
1000.00 985.00 0.000000 ---
1000.00 980.00 0.000000 ---
1000.00 975.00 0.000000 ---
1000.00 970.00 0.000000 ---
1000.00 965.00 0.000000 ---
1000.00 960.00 0.000000 ---
1000.00 955.00 0.000000 ---
1000.00 950.00 0.000000 ---
1000.00 945.00 0.000000 ---
1000.00 940.00 0.000000 ---
1000.00 935.00 0.000000 ---
1000.00 930.00 0.000000 ---
1000.00 925.00 0.000000 ---
1000.00 920.00 0.000000 ---
1000.00 915.00 0.000000 ---
1000.00 910.00 0.000000 ---
1000.00 905.00 0.000000 ---
1000.00 900.00 0.000000 ---
1000.00 895.00 0.000000 ---
1000.00 890.00 0.000000 ---
1000.00 885.00 0.000000 ---
1000.00 880.00 0.000000 ---
1000.00 875.00 0.000000 ---
1000.00 870.00 0.000000 ---
1000.00 865.00 0.000000 ---
1000.00 860.00 0.000000 ---
1000.00 855.00 0.000000 ---
1000.00 850.00 0.000000 ---
1000.00 845.00 0.000000 ---
1000.00 840.00 0.000000 ---
1000.00 835.00 0.000000 ---
1000.00 830.00 0.000000 ---
1000.00 825.00 0.000000 ---
1000.00 820.00 0.000000 ---
1000.00 815.00 0.000000 ---
1000.00 810.00 0.000000 ---
1000.00 805.00 0.000000 ---
1000.00 800.00 0.000000 ---