Title: mars_mafic

liquid_0 thermodynamic data and composition:
Pressure Temperature mass S H V Cp viscosity SiO2 TiO2 Al2O3 Fe2O3 FeO MnO MgO CaO Na2O K2O P2O5 Mg#
150.00 1300.00 100.000189 274.848727 -1116022.815495 36.210430 146.778513 1.542 49.4128 0.982198 10.5241 1.11589 17.2376 0.380899 9.08078 6.93589 2.97679 0.450999 0.902098 48.4
150.00 1295.00 100.000360 274.381947 -1116759.344729 36.198349 146.779391 1.560 49.4127 0.982196 10.5241 1.1176 17.236 0.380899 9.08077 6.93588 2.97679 0.450998 0.902097 48.4
150.00 1290.00 100.000536 273.913683 -1117495.959493 36.186272 146.780296 1.578 49.4126 0.982195 10.524 1.11936 17.2344 0.380898 9.08075 6.93586 2.97678 0.450998 0.902095 48.4
150.00 1285.00 100.000718 273.443925 -1118232.661380 36.174199 146.781226 1.597 49.4125 0.982193 10.524 1.12116 17.2327 0.380897 9.08073 6.93585 2.97678 0.450997 0.902094 48.4
150.00 1280.00 100.000904 272.972663 -1118969.452020 36.162131 146.782182 1.615 49.4125 0.982191 10.524 1.12302 17.231 0.380897 9.08072 6.93584 2.97677 0.450996 0.902092 48.4
150.00 1275.00 100.001096 272.499889 -1119706.333080 36.150067 146.783166 1.634 49.4124 0.982189 10.524 1.12493 17.2293 0.380896 9.0807 6.93582 2.97677 0.450995 0.90209 48.4
150.00 1270.00 99.204343 269.827672 -1111620.701869 35.880862 145.432806 1.675 49.4997 0.990078 10.6085 1.12829 17.2024 0.378377 8.83872 6.98927 3.00068 0.454617 0.909335 47.8
150.00 1265.00 98.518673 267.470482 -1104816.239919 35.648453 144.276904 1.714 49.5771 0.996968 10.6823 1.13128 17.1732 0.376055 8.63217 7.03589 3.02156 0.457781 0.915664 47.3
150.00 1260.00 97.834667 265.125808 -1098079.234104 35.417477 143.129591 1.754 49.6564 1.00394 10.757 1.13408 17.1383 0.373595 8.42787 7.08297 3.04268 0.460982 0.922066 46.7
150.00 1255.00 97.151889 262.792469 -1091406.226401 35.187804 141.990242 1.794 49.7379 1.01099 10.8326 1.1367 17.0976 0.370995 8.22582 7.13056 3.06407 0.464222 0.928546 46.2
150.00 1250.00 96.469915 260.469315 -1084793.887611 34.959310 140.858256 1.835 49.8215 1.01814 10.9092 1.13911 17.0507 0.368254 8.02605 7.1787 3.08573 0.467503 0.93511 45.6
150.00 1245.00 95.788328 258.155236 -1078239.034467 34.731874 139.733050 1.877 49.9074 1.02539 10.9868 1.1413 16.9974 0.365372 7.82857 7.22741 3.10769 0.47083 0.941764 45.1
150.00 1240.00 95.106729 255.849169 -1071738.649671 34.505378 138.614068 1.919 49.9957 1.03273 11.0656 1.14326 16.9375 0.362347 7.63341 7.27674 3.12996 0.474204 0.948513 44.5
150.00 1235.00 94.424734 253.550101 -1065289.905011 34.279714 137.500784 1.962 50.0866 1.04019 11.1455 1.14497 16.8707 0.359178 7.44059 7.32672 3.15256 0.477629 0.955364 44.0
150.00 1230.00 93.741980 251.257088 -1058890.187664 34.054777 136.392707 2.006 50.1802 1.04777 11.2267 1.14642 16.7966 0.355866 7.25014 7.3774 3.17552 0.481108 0.962322 43.5
150.00 1225.00 93.058132 248.969255 -1052537.129640 33.830472 135.289387 2.050 50.2765 1.05547 11.3092 1.14757 16.715 0.352412 7.06211 7.42881 3.19886 0.484643 0.969394 43.0
150.00 1220.00 92.372884 246.685819 -1046228.640317 33.606715 134.190419 2.095 50.3758 1.0633 11.3931 1.14842 16.6256 0.348814 6.87653 7.48099 3.22259 0.488239 0.976585 42.4
150.00 1215.00 91.685970 244.406094 -1039962.941747 33.383429 133.095453 2.141 50.4782 1.07127 11.4784 1.14895 16.5282 0.345076 6.69344 7.53398 3.24673 0.491896 0.983902 41.9
150.00 1210.00 90.997162 242.129509 -1033738.606313 33.160554 132.004200 2.188 50.5837 1.07937 11.5653 1.14912 16.4224 0.341199 6.51289 7.5878 3.27131 0.49562 0.99135 41.4
150.00 1205.00 90.306286 239.859864 -1027548.326284 32.938040 127.527789 2.236 50.6925 1.08763 11.6538 1.14892 16.3079 0.337184 6.33495 7.6425 3.29634 0.499412 0.998934 40.9
150.00 1200.00 89.613221 237.599870 -1021387.054055 32.715857 126.439614 2.285 50.8047 1.09604 11.7439 1.14833 16.1844 0.333036 6.15967 7.6981 3.32183 0.503274 1.00666 40.4
150.00 1195.00 88.917911 235.342198 -1015265.309163 32.493988 125.354602 2.334 50.9205 1.10461 11.8357 1.14731 16.0518 0.328758 5.98711 7.75462 3.34781 0.507209 1.01453 39.9
150.00 1190.00 88.220373 233.086898 -1009183.457708 32.272440 124.272789 2.385 51.0398 1.11335 11.9293 1.14584 15.9098 0.324356 5.81735 7.81208 3.37428 0.51122 1.02255 39.5
150.00 1185.00 87.520701 230.834215 -1003142.406972 32.051241 123.194310 2.436 51.1629 1.12225 12.0247 1.1439 15.7582 0.319833 5.65046 7.87051 3.40125 0.515307 1.03073 39.0
150.00 1180.00 86.819076 228.584604 -997143.633716 31.830440 122.119408 2.489 51.2896 1.13132 12.1219 1.14146 15.5968 0.315198 5.48653 7.92989 3.42874 0.519471 1.03906 38.5
150.00 1175.00 86.115766 226.338740 -991189.204619 31.610111 121.048438 2.542 51.4202 1.14056 12.2209 1.13849 15.4255 0.310457 5.32562 7.99024 3.45674 0.523714 1.04754 38.1
150.00 1170.00 85.411138 224.097525 -985281.786559 31.390354 119.981871 2.597 51.5546 1.14997 12.3217 1.13496 15.2443 0.305618 5.16784 8.05154 3.48526 0.528034 1.05619 37.7
150.00 1165.00 84.605116 221.613631 -978287.571656 31.137717 118.742486 2.659 51.74 1.16092 12.4391 1.12999 15.0608 0.300608 5.00739 8.07993 3.51846 0.533065 1.02976 37.2
150.00 1160.00 83.840976 219.242278 -971824.155411 30.900015 117.583419 2.720 51.9106 1.1715 12.5525 1.12475 14.8639 0.295542 4.8528 8.12256 3.55053 0.537923 1.01738 36.8
150.00 1155.00 83.081321 216.890651 -965465.290753 30.664709 116.438138 2.782 52.084 1.18222 12.6672 1.11891 14.6568 0.290404 4.70191 8.16681 3.583 0.542842 1.00593 36.4
150.00 1150.00 82.326762 214.560134 -959214.080971 30.431945 115.307291 2.845 52.26 1.19305 12.7833 1.11244 14.4396 0.285206 4.55479 8.21261 3.61584 0.547817 0.995397 36.0
150.00 1145.00 81.577999 212.252310 -953074.126600 30.201893 114.191631 2.909 52.4384 1.204 12.9007 1.10533 14.2127 0.279961 4.41149 8.25988 3.64902 0.552845 0.985766 35.6
150.00 1140.00 78.825565 204.710549 -922228.542154 29.225506 110.162724 2.975 52.7401 1.24604 12.7981 1.10653 14.0831 0.274762 4.24576 8.26914 3.68714 0.569794 0.979549 35.0
150.00 1135.00 73.487278 190.480899 -859087.194839 27.266222 102.437131 3.028 53.0446 1.33501 12.4834 1.1218 14.1238 0.275029 4.05517 8.23038 3.74989 0.605293 0.975691 33.9
150.00 1130.00 67.509193 174.682250 -787545.586778 25.043489 93.869400 3.059 53.1653 1.44897 12.1922 1.14493 14.2653 0.28293 3.86343 8.17152 3.84377 0.650952 0.970675 32.6
150.00 1125.00 62.014596 160.190441 -722299.941031 23.006656 86.030413 3.092 53.3023 1.57258 11.9118 1.16532 14.351 0.289337 3.68053 8.12569 3.93399 0.69898 0.968478 31.4
150.00 1120.00 56.939331 146.833167 -662471.004654 21.130336 78.821838 3.129 53.4535 1.70726 11.6441 1.18287 14.382 0.294346 3.50607 8.08992 4.02128 0.749666 0.968993 30.3
150.00 1115.00 52.232102 134.471966 -607347.994360 19.394101 72.164520 3.168 53.6169 1.85465 11.3913 1.19743 14.3596 0.298078 3.33962 8.06086 4.10606 0.80333 0.972138 29.3
150.00 1110.00 47.851178 122.993547 -556347.757902 17.781238 65.993730 3.211 53.7905 2.01662 11.1552 1.20883 14.2859 0.300664 3.18077 8.0351 4.1883 0.860331 0.977876 28.4
150.00 1105.00 43.762835 112.305631 -508993.900201 16.278129 60.256914 3.256 53.9719 2.19536 10.9372 1.21688 14.1628 0.302244 3.02928 8.00963 4.26738 0.921058 0.986257 27.6
150.00 1100.00 39.940842 102.335534 -464907.611390 14.874002 54.912876 3.304 54.1582 2.39335 10.7382 1.2214 13.9931 0.302966 2.88515 7.98246 4.34189 0.9859 0.997442 26.9
150.00 1095.00 36.352169 92.994707 -423634.334785 13.555699 49.909716 3.355 54.3507 2.61427 10.5591 1.22222 13.782 0.303018 2.74808 7.9476 4.41053 1.05551 1.0069 26.2
150.00 1090.00 32.999012 84.282839 -385143.659014 12.322927 45.249548 3.407 54.5377 2.86046 10.3978 1.2194 13.5327 0.302597 2.61943 7.91131 4.46931 1.1299 1.01941 25.7
150.00 1085.00 26.594215 67.908937 -313381.359357 10.042488 36.340061 3.629 56.0436 2.63204 10.3734 1.17042 12.5815 0.30162 2.32346 7.49262 4.77449 1.31709 0.989787 24.8
150.00 1080.00 21.161376 54.013042 -251813.982217 8.079427 28.823839 3.852 57.5315 2.41952 10.3481 1.11411 11.6034 0.298098 2.06738 7.07693 5.04878 1.52544 0.966748 24.1
150.00 1075.00 16.722236 42.649690 -200745.203700 6.446373 22.715722 4.053 58.8318 2.25868 10.3052 1.05901 10.7076 0.294054 1.86145 6.72266 5.26607 1.74062 0.952967 23.7
150.00 1070.00 12.960732 33.020780 -156827.296798 5.039008 17.564580 4.238 59.9787 2.13425 10.2554 1.00514 9.88674 0.29022 1.69161 6.41671 5.43274 1.96266 0.94583 23.4
150.00 1065.00 9.669431 24.602391 -117845.095430 3.787919 13.076615 4.409 60.9974 2.03673 10.2051 0.952545 9.13385 0.287094 1.54857 6.15007 5.55369 2.19116 0.94375 23.2
150.00 1060.00 6.702262 17.025825 -82218.259442 2.643347 9.046559 4.569 61.9075 1.95995 10.1575 0.901305 8.44265 0.28511 1.42594 5.91645 5.63287 2.42507 0.945716 23.1
150.00 1055.00 3.949264 10.014111 -48735.970123 1.567020 5.321162 4.720 62.7245 1.89977 10.1135 0.851562 7.80808 0.284745 1.31925 5.7115 5.67363 2.66237 0.951043 23.1
150.00 1050.00 1.323259 3.348537 -16418.775612 0.527902 1.779950 4.864 63.4626 1.8534 10.0721 0.803506 7.22627 0.286632 1.22531 5.53238 5.67909 2.89955 0.959231 23.2

clinopyroxene_0 thermodynamic data and composition:
Pressure Temperature mass S H V Cp structure formula SiO2 TiO2 Al2O3 Fe2O3 FeO MnO MgO CaO Na2O K2O P2O5
150.00 1135.00 1.265438 2.961190 -14782.413309 0.379327 1.514793 cpx Na0.00Ca0.16Fe''0.63Mg1.14Fe'''0.01Ti0.00Al0.11Si1.94O6 52.0653 0.0900222 2.49961 0.444191 20.2334 0 20.585 4.02893 0.0536685 0 0
150.00 1130.00 4.161621 9.709055 -48445.763549 1.245172 4.967259 cpx Na0.00Ca0.17Fe''0.64Mg1.12Fe'''0.01Ti0.00Al0.11Si1.94O6 51.9572 0.096393 2.45378 0.452685 20.6065 0 20.1764 4.20096 0.0561021 0 0
150.00 1125.00 6.737186 15.670783 -78182.520557 2.012318 8.018801 cpx Na0.00Ca0.18Fe''0.65Mg1.10Fe'''0.01Ti0.00Al0.11Si1.94O6 51.8556 0.103467 2.40862 0.460766 20.9379 0 19.7782 4.39662 0.0587831 0 0
150.00 1120.00 9.058047 21.006534 -104824.861659 2.701252 10.751747 cpx Na0.00Ca0.19Fe''0.67Mg1.08Fe'''0.01Ti0.00Al0.10Si1.94O6 51.76 0.11146 2.36511 0.468559 21.2249 0 19.3904 4.61778 0.0617693 0 0
150.00 1115.00 11.174212 25.837762 -129006.996776 3.327533 13.228572 cpx Na0.00Ca0.20Fe''0.67Mg1.06Fe'''0.01Ti0.00Al0.10Si1.94O6 51.6699 0.120628 2.32425 0.476204 21.4657 0 19.013 4.86522 0.0651174 0 0
150.00 1110.00 13.122106 30.253179 -151194.991590 3.902534 15.494971 cpx Na0.01Ca0.21Fe''0.68Mg1.05Fe'''0.01Ti0.00Al0.10Si1.94O6 51.5846 0.131267 2.28695 0.483836 21.6599 0 18.6463 5.13826 0.0688773 0 0
150.00 1105.00 14.926741 34.314225 -171713.501199 4.434109 17.582662 cpx Na0.01Ca0.22Fe''0.69Mg1.03Fe'''0.01Ti0.00Al0.10Si1.94O6 51.5037 0.143698 2.2539 0.491557 21.8089 0 18.2909 5.43427 0.0730849 0 0
150.00 1100.00 16.604130 38.061053 -190774.730681 4.927341 19.512450 cpx Na0.01Ca0.23Fe''0.69Mg1.01Fe'''0.01Ti0.00Al0.10Si1.94O6 51.4264 0.158249 2.2255 0.499414 21.9156 0 17.9486 5.74847 0.0777539 0 0
150.00 1095.00 18.171813 41.536838 -208599.789328 5.387670 21.306648 cpx Na0.01Ca0.25Fe''0.70Mg0.99Fe'''0.01Ti0.00Al0.10Si1.94O6 51.3522 0.175299 2.20185 0.507424 21.9846 0 17.6207 6.07504 0.0828849 0 0
150.00 1090.00 19.628274 44.741080 -225183.394526 5.814819 22.965230 cpx Na0.01Ca0.26Fe''0.70Mg0.98Fe'''0.01Ti0.01Al0.10Si1.94O6 51.2811 0.195001 2.18267 0.515454 22.022 0 17.3108 6.40456 0.0884183 0 0
150.00 1085.00 21.706712 49.330851 -248305.599820 6.420834 25.333365 cpx Na0.01Ca0.27Fe''0.71Mg0.96Fe'''0.01Ti0.01Al0.09Si1.94O6 51.2236 0.187845 2.1139 0.516665 22.3442 0 16.985 6.53755 0.0912202 0 0
150.00 1080.00 23.119077 52.397451 -263567.218017 6.827615 26.926541 cpx Na0.01Ca0.26Fe''0.72Mg0.95Fe'''0.01Ti0.01Al0.09Si1.95O6 51.1881 0.176599 2.0332 0.511467 22.7586 0 16.77 6.47033 0.09171 0 0
150.00 1075.00 24.334889 55.010374 -276660.332110 7.176880 28.293367 cpx Na0.01Ca0.26Fe''0.74Mg0.94Fe'''0.01Ti0.00Al0.09Si1.95O6 51.1678 0.166826 1.95491 0.504031 23.1112 0 16.6039 6.39926 0.0920479 0 0
150.00 1070.00 25.415636 57.310466 -288275.924198 7.486703 29.505030 cpx Na0.01Ca0.26Fe''0.75Mg0.94Fe'''0.01Ti0.00Al0.08Si1.95O6 51.1574 0.15816 1.87976 0.495153 23.4194 0 16.4719 6.32603 0.0922097 0 0
150.00 1065.00 26.413480 59.416264 -298993.910076 7.772346 30.621559 cpx Na0.01Ca0.26Fe''0.76Mg0.93Fe'''0.01Ti0.00Al0.08Si1.95O6 51.1533 0.150356 1.808 0.485352 23.6953 0 16.3639 6.25167 0.0921849 0 0
150.00 1060.00 27.375685 61.434238 -309335.463774 8.047584 31.697075 cpx Na0.01Ca0.25Fe''0.76Mg0.93Fe'''0.01Ti0.00Al0.08Si1.95O6 51.1527 0.143238 1.73956 0.474964 23.9484 0 16.2723 6.17684 0.091969 0 0
150.00 1055.00 28.348289 63.467151 -319805.004703 8.325787 32.784069 cpx Na0.01Ca0.25Fe''0.77Mg0.92Fe'''0.01Ti0.00Al0.08Si1.96O6 51.1539 0.136679 1.67424 0.464211 24.1863 0 16.1911 6.10201 0.0915585 0 0
150.00 1050.00 29.379481 65.621588 -330927.662995 8.620909 33.937268 cpx Na0.01Ca0.25Fe''0.78Mg0.92Fe'''0.01Ti0.00Al0.07Si1.96O6 51.1551 0.130583 1.61176 0.453222 24.4156 0 16.1154 6.02749 0.0909489 0 0
150.00 1045.00 29.864195 66.561307 -336133.700850 8.757630 34.469678 cpx Na0.01Ca0.24Fe''0.79Mg0.92Fe'''0.01Ti0.00Al0.07Si1.96O6 51.158 0.126726 1.57661 0.443856 24.5658 0 16.0902 5.94887 0.0899505 0 0
150.00 1040.00 29.694939 66.056018 -334247.609604 8.704944 34.259709 cpx Na0.01Ca0.24Fe''0.79Mg0.92Fe'''0.01Ti0.00Al0.07Si1.96O6 51.1636 0.124939 1.56836 0.43642 24.6345 0 16.1169 5.86657 0.0887237 0 0
150.00 1035.00 29.532847 65.567552 -332444.462466 8.654418 34.058010 cpx Na0.01Ca0.24Fe''0.79Mg0.92Fe'''0.01Ti0.00Al0.07Si1.96O6 51.1692 0.123186 1.56018 0.429081 24.702 0 16.1432 5.78561 0.0875208 0 0
150.00 1030.00 29.377454 65.094791 -330718.883526 8.605911 33.864034 cpx Na0.01Ca0.23Fe''0.79Mg0.92Fe'''0.01Ti0.00Al0.07Si1.96O6 51.1748 0.121467 1.55206 0.421837 24.7684 0 16.1691 5.70595 0.0863407 0 0
150.00 1025.00 29.228334 64.636722 -329065.996772 8.559296 33.677288 cpx Na0.01Ca0.23Fe''0.79Mg0.92Fe'''0.01Ti0.00Al0.07Si1.96O6 51.1803 0.11978 1.54401 0.414685 24.8338 0 16.1946 5.62755 0.0851829 0 0
150.00 1020.00 29.085105 64.192422 -327481.368604 8.514458 33.497323 cpx Na0.01Ca0.23Fe''0.80Mg0.93Fe'''0.01Ti0.00Al0.07Si1.96O6 51.1858 0.118124 1.53602 0.407624 24.8982 0 16.2198 5.55035 0.0840465 0 0
150.00 1015.00 28.947413 63.761050 -325960.956111 8.471290 33.323727 cpx Na0.01Ca0.22Fe''0.80Mg0.93Fe'''0.01Ti0.00Al0.07Si1.96O6 51.1912 0.116497 1.52809 0.400654 24.9616 0 16.2446 5.47431 0.0829308 0 0
150.00 1010.00 28.814938 63.341830 -324501.039150 8.429697 33.156124 cpx Na0.01Ca0.22Fe''0.80Mg0.93Fe'''0.01Ti0.00Al0.07Si1.96O6 51.1967 0.114899 1.52021 0.393771 25.0241 0 16.2691 5.3994 0.0818348 0 0
150.00 1005.00 28.527201 62.580063 -321234.363865 8.342098 32.806895 cpx Na0.01Ca0.22Fe''0.80Mg0.93Fe'''0.01Ti0.00Al0.07Si1.96O6 51.1958 0.113201 1.51419 0.387879 25.1037 0 16.2786 5.32594 0.0807776 0 0
150.00 1000.00 27.171849 59.467159 -305577.480321 7.938501 31.211903 cpx Na0.01Ca0.22Fe''0.81Mg0.92Fe'''0.01Ti0.00Al0.07Si1.96O6 51.1543 0.110746 1.51943 0.387679 25.3 0 16.1922 5.25584 0.0798236 0 0

feldspar_0 thermodynamic data and composition:
Pressure Temperature mass S H V Cp formula SiO2 TiO2 Al2O3 Fe2O3 FeO MnO MgO CaO Na2O K2O P2O5
150.00 1140.00 1.474605 3.587320 -20391.720209 0.560697 1.813455 K0.01Na0.42Ca0.57Al1.57Si2.43O8 53.6727 0 29.5624 0 0 0 0 11.8655 4.77344 0.125886 0
150.00 1135.00 4.492442 10.918298 -62137.694566 1.709519 5.523031 K0.01Na0.43Ca0.56Al1.56Si2.44O8 53.9756 0 29.3558 0 0 0 0 11.6244 4.90658 0.137716 0
150.00 1130.00 7.520718 18.261157 -104043.565051 2.864289 9.243129 K0.01Na0.44Ca0.55Al1.55Si2.45O8 54.2991 0 29.1343 0 0 0 0 11.3661 5.04691 0.153544 0
150.00 1125.00 10.287006 24.953942 -142340.574870 3.921050 12.638916 K0.01Na0.45Ca0.54Al1.54Si2.46O8 54.6151 0 28.9177 0 0 0 0 11.1137 5.18313 0.170411 0
150.00 1120.00 12.819502 31.066327 -177416.771617 4.890274 15.745275 K0.01Na0.46Ca0.52Al1.52Si2.48O8 54.9256 0 28.7045 0 0 0 0 10.8653 5.31623 0.188347 0
150.00 1115.00 15.142211 36.657840 -209602.200752 5.780907 18.591925 K0.01Na0.48Ca0.51Al1.51Si2.49O8 55.2333 0 28.493 0 0 0 0 10.6191 5.44731 0.207392 0
150.00 1110.00 17.276714 41.782140 -239193.426375 6.601032 21.205603 K0.01Na0.49Ca0.50Al1.50Si2.50O8 55.5405 0 28.2815 0 0 0 0 10.3729 5.57751 0.227597 0
150.00 1105.00 19.242993 46.488954 -266464.932323 7.358169 23.611066 K0.01Na0.50Ca0.49Al1.49Si2.51O8 55.8496 0 28.0685 0 0 0 0 10.1251 5.70787 0.24902 0
150.00 1100.00 21.059511 50.824203 -291670.365769 8.059288 25.831183 K0.02Na0.51Ca0.48Al1.48Si2.52O8 56.1624 0 27.8527 0 0 0 0 9.87404 5.83919 0.271722 0
150.00 1095.00 22.746310 54.837460 -315085.334112 8.711991 27.890728 K0.02Na0.52Ca0.46Al1.46Si2.54O8 56.4803 0 27.6331 0 0 0 0 9.6187 5.97203 0.295864 0
150.00 1090.00 24.313885 58.554820 -336854.002353 9.320188 29.802715 K0.02Na0.53Ca0.45Al1.45Si2.55O8 56.8025 0 27.4103 0 0 0 0 9.3597 6.10604 0.321404 0
150.00 1085.00 26.765022 64.412631 -370802.551122 10.273128 32.796813 K0.02Na0.55Ca0.43Al1.43Si2.57O8 57.2735 0 27.0807 0 0 0 0 8.9779 6.29152 0.376346 0
150.00 1080.00 28.998850 69.742276 -401717.647690 11.146047 35.522531 K0.03Na0.56Ca0.41Al1.41Si2.59O8 57.7717 0 26.7304 0 0 0 0 8.57262 6.48323 0.442069 0
150.00 1075.00 30.973739 74.437184 -429033.204875 11.921268 37.928164 K0.03Na0.58Ca0.39Al1.39Si2.61O8 58.2528 0 26.3896 0 0 0 0 8.1792 6.66202 0.516338 0
150.00 1070.00 32.759987 78.665991 -453721.641820 12.625318 40.099679 K0.03Na0.59Ca0.37Al1.37Si2.63O8 58.7139 0 26.0602 0 0 0 0 7.79986 6.82586 0.600198 0
150.00 1065.00 34.410957 82.556881 -476519.301357 13.278470 42.102272 K0.04Na0.60Ca0.36Al1.36Si2.64O8 59.155 0 25.7418 0 0 0 0 7.43422 6.97409 0.694917 0
150.00 1060.00 35.969504 86.212820 -498015.750583 13.897130 43.988226 K0.05Na0.62Ca0.34Al1.34Si2.66O8 59.5779 0 25.4329 0 0 0 0 7.08068 7.1066 0.801973 0
150.00 1055.00 37.471818 89.720625 -518707.251832 14.495270 45.801597 K0.05Na0.63Ca0.32Al1.32Si2.68O8 59.9848 0 25.1316 0 0 0 0 6.73718 7.22348 0.922977 0
150.00 1050.00 38.949011 93.154652 -539019.374559 15.084994 47.580177 K0.06Na0.63Ca0.31Al1.31Si2.69O8 60.3778 0 24.8362 0 0 0 0 6.40176 7.32486 1.05941 0
150.00 1045.00 39.708085 94.824307 -549561.415098 15.387494 48.480853 K0.06Na0.64Ca0.30Al1.30Si2.70O8 60.5741 0 24.6868 0 0 0 0 6.23271 7.37063 1.13579 0
150.00 1040.00 39.710840 94.646360 -549842.538464 15.386348 48.460248 K0.06Na0.64Ca0.30Al1.30Si2.70O8 60.5726 0 24.6878 0 0 0 0 6.23391 7.36998 1.13571 0
150.00 1035.00 39.713502 94.467558 -550122.266841 15.385169 48.439371 K0.06Na0.64Ca0.30Al1.30Si2.70O8 60.5711 0 24.6888 0 0 0 0 6.2351 7.36934 1.13563 0
150.00 1030.00 39.716067 94.287890 -550400.553507 15.383956 48.418217 K0.06Na0.64Ca0.30Al1.30Si2.70O8 60.5696 0 24.6898 0 0 0 0 6.23627 7.36871 1.13556 0
150.00 1025.00 39.718531 94.107346 -550677.349594 15.382707 48.396779 K0.06Na0.64Ca0.30Al1.30Si2.70O8 60.5682 0 24.6908 0 0 0 0 6.23742 7.36808 1.13549 0
150.00 1020.00 39.720892 93.925915 -550952.603952 15.381422 48.375052 K0.06Na0.64Ca0.30Al1.30Si2.70O8 60.5668 0 24.6918 0 0 0 0 6.23855 7.36746 1.13542 0
150.00 1015.00 39.723146 93.743081 -551226.916611 15.380081 48.745483 K0.06Na0.64Ca0.30Al1.30Si2.70O8 60.5654 0 24.6927 0 0 0 0 6.23967 7.36686 1.13536 0
150.00 1010.00 39.725292 93.558321 -551500.932669 15.378661 48.724767 K0.06Na0.64Ca0.30Al1.30Si2.70O8 60.564 0 24.6937 0 0 0 0 6.24076 7.36626 1.1353 0
150.00 1005.00 39.738953 93.398958 -551936.955259 15.381471 48.717809 K0.06Na0.64Ca0.30Al1.30Si2.70O8 60.5578 0 24.698 0 0 0 0 6.24573 7.36361 1.13491 0
150.00 1000.00 39.831991 93.418172 -553490.797424 15.413425 48.806279 K0.06Na0.64Ca0.30Al1.30Si2.70O8 60.5186 0 24.725 0 0 0 0 6.27715 7.34705 1.13226 0

spinel_0 thermodynamic data and composition:
Pressure Temperature mass S H V Cp formula SiO2 TiO2 Al2O3 Fe2O3 FeO MnO MgO CaO Na2O K2O P2O5
150.00 1085.00 0.732172 1.536129 -4651.480870 0.159427 0.684649 Fe''1.60Mg0.25Fe'''0.21Al0.10Cr0.00Ti0.85O4 0 31.6417 2.33695 7.70492 53.5854 0 4.731 0 0 0 0
150.00 1080.00 1.295054 2.710228 -8192.941731 0.281536 1.208368 Fe''1.61Mg0.24Fe'''0.21Al0.09Cr0.00Ti0.85O4 0 31.6239 2.24087 7.75787 53.8213 0 4.55607 0 0 0 0
150.00 1075.00 1.696930 3.542735 -10700.134791 0.368414 1.580399 Fe''1.61Mg0.24Fe'''0.21Al0.09Cr0.00Ti0.85O4 0 31.6257 2.15145 7.78447 54.0216 0 4.41679 0 0 0 0
150.00 1070.00 1.998492 4.162666 -12568.523024 0.433404 1.858193 Fe''1.62Mg0.23Fe'''0.21Al0.09Cr0.00Ti0.85O4 0 31.6401 2.06806 7.79263 54.1972 0 4.30196 0 0 0 0
150.00 1065.00 2.235062 4.644932 -14025.986525 0.484243 2.075057 Fe''1.63Mg0.22Fe'''0.21Al0.08Cr0.00Ti0.85O4 0 31.6632 1.98997 7.7872 54.3554 0 4.20428 0 0 0 0
150.00 1060.00 2.428670 5.036136 -15213.400069 0.525741 2.251693 Fe''1.63Mg0.22Fe'''0.21Al0.08Cr0.00Ti0.85O4 0 31.6924 1.91643 7.77101 54.5014 0 4.11872 0 0 0 0
150.00 1055.00 2.593966 5.367155 -16223.644574 0.561087 2.401812 Fe''1.64Mg0.22Fe'''0.21Al0.08Cr0.00Ti0.86O4 0 31.7266 1.84669 7.74542 54.6397 0 4.04158 0 0 0 0
150.00 1050.00 2.741257 5.659611 -17121.549010 0.592519 2.535020 Fe''1.65Mg0.21Fe'''0.21Al0.08Cr0.00Ti0.86O4 0 31.7654 1.77997 7.71045 54.7742 0 3.97001 0 0 0 0
150.00 1045.00 2.810463 5.791009 -17546.287729 0.607213 2.596583 Fe''1.65Mg0.21Fe'''0.21Al0.07Cr0.00Ti0.86O4 0 31.7929 1.74141 7.68029 54.8567 0 3.9287 0 0 0 0
150.00 1040.00 2.806275 5.772036 -17527.840342 0.606209 2.591057 Fe''1.65Mg0.21Fe'''0.21Al0.07Cr0.00Ti0.86O4 0 31.8047 1.73072 7.66353 54.8845 0 3.91653 0 0 0 0
150.00 1035.00 2.802007 5.752896 -17508.845975 0.605188 2.585452 Fe''1.65Mg0.21Fe'''0.21Al0.07Cr0.00Ti0.86O4 0 31.8165 1.72002 7.64673 54.9124 0 3.90433 0 0 0 0
150.00 1030.00 2.797656 5.733585 -17489.286454 0.604149 2.579766 Fe''1.65Mg0.21Fe'''0.21Al0.07Cr0.00Ti0.86O4 0 31.8284 1.70929 7.62989 54.9404 0 3.89211 0 0 0 0
150.00 1025.00 2.793217 5.714097 -17469.142647 0.603092 2.573995 Fe''1.65Mg0.21Fe'''0.21Al0.07Cr0.00Ti0.86O4 0 31.8402 1.69854 7.61302 54.9684 0 3.87987 0 0 0 0
150.00 1020.00 2.788690 5.694428 -17448.394406 0.602016 2.568138 Fe''1.65Mg0.21Fe'''0.21Al0.07Cr0.00Ti0.86O4 0 31.8521 1.68777 7.59611 54.9964 0 3.8676 0 0 0 0
150.00 1015.00 2.784069 5.674571 -17427.020670 0.600921 2.562192 Fe''1.66Mg0.21Fe'''0.21Al0.07Cr0.00Ti0.86O4 0 31.864 1.67699 7.57917 55.0245 0 3.8553 0 0 0 0
150.00 1010.00 2.779353 5.654521 -17405.001485 0.599805 2.556153 Fe''1.66Mg0.21Fe'''0.20Al0.07Cr0.00Ti0.86O4 0 31.8759 1.66618 7.5622 55.0527 0 3.84298 0 0 0 0
150.00 1005.00 2.581637 5.242485 -16170.696398 0.557015 2.372613 Fe''1.66Mg0.21Fe'''0.20Al0.07Cr0.00Ti0.86O4 0 31.8766 1.65717 7.56131 55.0808 0 3.82406 0 0 0 0
150.00 1000.00 1.092229 2.213640 -6834.721324 0.235526 1.002763 Fe''1.66Mg0.20Fe'''0.21Al0.07Cr0.00Ti0.86O4 0 31.8073 1.65908 7.65989 55.1106 0 3.76313 0 0 0 0

rhm-oxide_0 thermodynamic data and composition:
Pressure Temperature mass S H V Cp formula SiO2 TiO2 Al2O3 Fe2O3 FeO MnO MgO CaO Na2O K2O P2O5
150.00 1005.00 0.118764 0.229913 -903.391039 0.025970 0.107451 Mn0.01Fe''0.86Mg0.11Fe'''0.06Ti0.97O3 0 52.1167 0 3.25671 41.3612 0.412893 2.85248 0 0 0 0
150.00 1000.00 1.030549 1.990852 -7836.340772 0.225242 0.932075 Mn0.01Fe''0.86Mg0.10Fe'''0.06Ti0.97O3 0 52.0945 0 3.26448 41.4587 0.37298 2.80928 0 0 0 0

olivine_0 thermodynamic data and composition:
Pressure Temperature mass S H V Cp formula SiO2 TiO2 Al2O3 Fe2O3 FeO MnO MgO CaO Na2O K2O P2O5
150.00 1270.00 0.796189 1.960969 -9173.711152 0.238085 0.973427 (Ca0.00Mg0.76Fe''0.23Mn0.01Co0.00Ni0.00)2SiO4 38.5655 0 0 0 21.2198 0.694972 39.2382 0.281501 0 0 0
150.00 1265.00 1.481378 3.640209 -17012.985667 0.442157 1.807439 (Ca0.00Mg0.76Fe''0.23Mn0.01Co0.00Ni0.00)2SiO4 38.4917 0 0 0 21.6025 0.70309 38.9165 0.286161 0 0 0
150.00 1260.00 2.164884 5.307521 -24780.126119 0.644952 2.635905 (Ca0.00Mg0.75Fe''0.24Mn0.01Co0.00Ni0.00)2SiO4 38.4167 0 0 0 21.9914 0.711106 38.5898 0.290946 0 0 0
150.00 1255.00 2.847140 6.963914 -32478.834715 0.846589 3.459301 (Ca0.00Mg0.75Fe''0.24Mn0.01Co0.00Ni0.00)2SiO4 38.3406 0 0 0 22.3865 0.71901 38.258 0.295863 0 0 0
150.00 1250.00 3.528571 8.610366 -40112.677996 1.047180 4.278089 (Ca0.00Mg0.74Fe''0.25Mn0.01Co0.00Ni0.00)2SiO4 38.2633 0 0 0 22.7878 0.726788 37.9212 0.300917 0 0 0
150.00 1245.00 4.209590 10.247822 -47685.068924 1.246835 5.092715 (Ca0.00Mg0.74Fe''0.25Mn0.01Co0.00Ni0.00)2SiO4 38.1849 0 0 0 23.195 0.734427 37.5795 0.306113 0 0 0
150.00 1240.00 4.890597 11.877180 -55199.245899 1.445661 5.903607 (Ca0.00Mg0.73Fe''0.26Mn0.01Co0.00Ni0.00)2SiO4 38.1055 0 0 0 23.6082 0.741913 37.233 0.311458 0 0 0
150.00 1235.00 5.571973 13.499293 -62658.248480 1.643758 6.711170 (Ca0.00Mg0.73Fe''0.26Mn0.01Co0.00Ni0.00)2SiO4 38.0249 0 0 0 24.0271 0.749231 36.8818 0.316958 0 0 0
150.00 1230.00 6.254079 15.114952 -70064.889752 1.841218 7.515782 (Ca0.00Mg0.72Fe''0.27Mn0.01Co0.00Ni0.00)2SiO4 37.9433 0 0 0 24.4516 0.756366 36.5261 0.322618 0 0 0
150.00 1225.00 6.937249 16.724882 -77421.725337 2.038130 8.317792 (Ca0.00Mg0.72Fe''0.27Mn0.01Co0.00Ni0.00)2SiO4 37.8608 0 0 0 24.8814 0.763304 36.1661 0.328444 0 0 0
150.00 1220.00 7.621788 18.329727 -84731.019113 2.234569 9.117511 (Ca0.00Mg0.71Fe''0.28Mn0.01Co0.00Ni0.00)2SiO4 37.7773 0 0 0 25.3162 0.770029 35.802 0.334441 0 0 0
150.00 1215.00 8.307960 19.930043 -91994.705971 2.430605 9.915212 (Ca0.00Mg0.71Fe''0.29Mn0.01Co0.00Ni0.00)2SiO4 37.6929 0 0 0 25.7557 0.776527 35.4342 0.340616 0 0 0
150.00 1210.00 8.995991 21.526279 -99214.352031 2.626293 10.711116 (Ca0.00Mg0.70Fe''0.29Mn0.01Co0.00Ni0.00)2SiO4 37.6078 0 0 0 26.1996 0.782781 35.0629 0.346973 0 0 0
150.00 1205.00 9.686053 23.118770 -106391.115249 2.821677 11.505396 (Ca0.01Mg0.69Fe''0.30Mn0.01Co0.00Ni0.00)2SiO4 37.522 0 0 0 26.6473 0.788777 34.6885 0.353516 0 0 0
150.00 1200.00 10.378267 24.707722 -113525.722715 3.016785 12.298162 (Ca0.01Mg0.69Fe''0.30Mn0.01Co0.00Ni0.00)2SiO4 37.4355 0 0 0 27.0984 0.794502 34.3114 0.360249 0 0 0
150.00 1195.00 11.072686 26.293194 -120618.390567 3.211631 13.089459 (Ca0.01Mg0.68Fe''0.31Mn0.01Co0.00Ni0.00)2SiO4 37.3486 0 0 0 27.5523 0.79994 33.932 0.367174 0 0 0
150.00 1190.00 11.769293 27.875082 -127668.793614 3.406207 13.879256 (Ca0.01Mg0.68Fe''0.31Mn0.01Co0.00Ni0.00)2SiO4 37.2613 0 0 0 28.0084 0.80508 33.551 0.374293 0 0 0
150.00 1185.00 12.467991 29.453109 -134676.035264 3.600489 14.667442 (Ca0.01Mg0.67Fe''0.32Mn0.01Co0.00Ni0.00)2SiO4 37.1737 0 0 0 28.466 0.809911 33.1687 0.381608 0 0 0
150.00 1180.00 13.168600 31.026813 -141638.617154 3.794431 15.453822 (Ca0.01Mg0.66Fe''0.33Mn0.01Co0.00Ni0.00)2SiO4 37.086 0 0 0 28.9245 0.814423 32.7859 0.389119 0 0 0
150.00 1175.00 13.870849 32.595539 -148554.417008 3.987963 16.238111 (Ca0.01Mg0.66Fe''0.33Mn0.01Co0.00Ni0.00)2SiO4 36.9983 0 0 0 29.383 0.818608 32.4032 0.396825 0 0 0
150.00 1170.00 14.574372 34.158430 -155420.677130 4.180996 17.019928 (Ca0.01Mg0.65Fe''0.34Mn0.01Co0.00Ni0.00)2SiO4 36.9109 0 0 0 29.8407 0.822459 32.0212 0.404725 0 0 0
150.00 1165.00 15.311605 35.791185 -162578.682474 4.382788 17.836889 (Ca0.01Mg0.65Fe''0.34Mn0.01Co0.00Ni0.00)2SiO4 36.8232 0 0 0 30.2988 0.826628 31.6381 0.413307 0 0 0
150.00 1160.00 16.034550 37.381561 -169525.402268 4.579658 18.633370 (Ca0.01Mg0.64Fe''0.35Mn0.01Co0.00Ni0.00)2SiO4 36.7363 0 0 0 30.7531 0.830172 31.2585 0.421885 0 0 0
150.00 1155.00 16.755188 38.957703 -176389.543726 4.775058 19.423402 (Ca0.01Mg0.63Fe''0.36Mn0.01Co0.00Ni0.00)2SiO4 36.6503 0 0 0 31.2034 0.833344 30.8823 0.430632 0 0 0
150.00 1150.00 17.472835 40.518163 -183167.006825 4.968830 20.206335 (Ca0.01Mg0.63Fe''0.36Mn0.01Co0.00Ni0.00)2SiO4 36.5651 0 0 0 31.649 0.836149 30.5102 0.439538 0 0 0
150.00 1145.00 18.186726 42.061332 -189853.220773 5.160798 20.981447 (Ca0.01Mg0.62Fe''0.37Mn0.01Co0.00Ni0.00)2SiO4 36.4811 0 0 0 32.0889 0.838598 30.1428 0.448593 0 0 0
150.00 1140.00 19.391603 44.704472 -201034.168501 5.484827 22.293422 (Ca0.01Mg0.61Fe''0.38Mn0.01Co0.00Ni0.00)2SiO4 36.3497 0 0 0 32.7758 0.847361 29.5698 0.457389 0 0 0
150.00 1135.00 20.321920 46.668629 -208506.449484 5.721357 23.249260 (Ca0.01Mg0.60Fe''0.39Mn0.01Co0.00Ni0.00)2SiO4 36.1589 0 0 0 33.7549 0.879781 28.7388 0.467671 0 0 0
150.00 1130.00 20.236854 46.285658 -205283.134035 5.668878 23.029738 (Ca0.01Mg0.58Fe''0.40Mn0.01Co0.00Ni0.00)2SiO4 35.9516 0 0 0 34.7945 0.938369 27.8352 0.48033 0 0 0
150.00 1125.00 20.266260 46.168276 -203334.140525 5.649747 22.945672 (Ca0.01Mg0.57Fe''0.42Mn0.01Co0.00Ni0.00)2SiO4 35.7533 0 0 0 35.7892 0.99411 26.9701 0.49323 0 0 0
150.00 1120.00 20.377614 46.240083 -202306.805103 5.654563 22.958809 (Ca0.01Mg0.56Fe''0.43Mn0.01Co0.00Ni0.00)2SiO4 35.5646 0 0 0 36.7359 1.04674 26.1467 0.506108 0 0 0
150.00 1115.00 20.546148 46.443334 -201938.370592 5.676233 23.040317 (Ca0.01Mg0.54Fe''0.44Mn0.01Co0.00Ni0.00)2SiO4 35.3858 0 0 0 37.6327 1.09611 25.3668 0.518612 0 0 0
150.00 1110.00 20.753930 46.736511 -202042.279497 5.709660 23.169515 (Ca0.01Mg0.53Fe''0.46Mn0.01Co0.00Ni0.00)2SiO4 35.2173 0 0 0 38.4789 1.14209 24.6314 0.53032 0 0 0
150.00 1105.00 20.988402 47.090746 -202490.654978 5.751306 23.332067 (Ca0.01Mg0.52Fe''0.47Mn0.01Co0.00Ni0.00)2SiO4 35.059 0 0 0 39.2745 1.1846 23.9411 0.540761 0 0 0
150.00 1100.00 21.240356 47.485106 -203192.887479 5.798609 23.517621 (Ca0.01Mg0.51Fe''0.48Mn0.01Co0.00Ni0.00)2SiO4 34.9111 0 0 0 40.0194 1.22358 23.2964 0.549472 0 0 0
150.00 1095.00 21.500411 47.898451 -204057.194137 5.848971 23.715672 (Ca0.01Mg0.50Fe''0.49Mn0.02Co0.00Ni0.00)2SiO4 34.7734 0 0 0 40.7149 1.25926 22.6964 0.556102 0 0 0
150.00 1090.00 21.761468 48.315369 -205024.177943 5.900540 23.918745 (Ca0.01Mg0.49Fe''0.50Mn0.02Co0.00Ni0.00)2SiO4 34.6461 0 0 0 41.3592 1.29149 22.1429 0.56034 0 0 0
150.00 1085.00 21.365518 47.241926 -199060.392961 5.765668 23.365040 (Ca0.01Mg0.47Fe''0.51Mn0.02Co0.00Ni0.00)2SiO4 34.4574 0 0 0 42.2492 1.40735 21.3216 0.564466 0 0 0
150.00 1080.00 20.942134 46.131353 -193291.247892 5.628408 22.802396 (Ca0.01Mg0.46Fe''0.52Mn0.02Co0.00Ni0.00)2SiO4 34.2985 0 0 0 42.9891 1.5176 20.6318 0.562945 0 0 0
150.00 1075.00 20.481114 44.961753 -187611.680216 5.486001 22.219146 (Ca0.01Mg0.45Fe''0.53Mn0.02Co0.00Ni0.00)2SiO4 34.1696 0 0 0 43.5785 1.61968 20.0728 0.559363 0 0 0
150.00 1070.00 19.982166 43.727531 -181896.079974 5.337024 21.609495 (Ca0.01Mg0.44Fe''0.54Mn0.02Co0.00Ni0.00)2SiO4 34.0615 0 0 0 44.0615 1.71796 19.6047 0.554375 0 0 0
150.00 1065.00 19.442285 42.418859 -176033.836884 5.179765 20.966497 (Ca0.01Mg0.43Fe''0.55Mn0.02Co0.00Ni0.00)2SiO4 33.968 0 0 0 44.4676 1.81635 19.1996 0.548433 0 0 0
150.00 1060.00 18.854395 41.018214 -169902.507867 5.011709 20.279954 (Ca0.01Mg0.42Fe''0.55Mn0.02Co0.00Ni0.00)2SiO4 33.8842 0 0 0 44.8177 1.91887 18.8374 0.541867 0 0 0
150.00 1055.00 18.206772 39.498844 -163354.096132 4.829288 19.535420 (Ca0.01Mg0.42Fe''0.56Mn0.03Co0.00Ni0.00)2SiO4 33.8065 0 0 0 45.1267 2.03031 18.5015 0.534929 0 0 0
150.00 1050.00 17.482442 37.823387 -156204.937331 4.627676 18.713356 (Ca0.01Mg0.41Fe''0.56Mn0.03Co0.00Ni0.00)2SiO4 33.7317 0 0 0 45.4057 2.15706 18.1777 0.527828 0 0 0
150.00 1045.00 17.080161 36.866175 -152310.821647 4.515661 18.254822 (Ca0.01Mg0.41Fe''0.57Mn0.03Co0.00Ni0.00)2SiO4 33.6917 0 0 0 45.5532 2.23007 18.0064 0.518587 0 0 0
150.00 1040.00 17.094359 36.824564 -152485.046807 4.517751 18.258883 (Ca0.01Mg0.41Fe''0.57Mn0.03Co0.00Ni0.00)2SiO4 33.6883 0 0 0 45.5807 2.22822 17.9956 0.50722 0 0 0
150.00 1035.00 17.108574 36.782626 -152658.914901 4.519843 18.262857 (Ca0.01Mg0.41Fe''0.57Mn0.03Co0.00Ni0.00)2SiO4 33.6847 0 0 0 45.6085 2.22637 17.9844 0.496031 0 0 0
150.00 1030.00 17.122806 36.740361 -152832.420714 4.521936 18.266745 (Ca0.01Mg0.41Fe''0.57Mn0.03Co0.00Ni0.00)2SiO4 33.6812 0 0 0 45.6365 2.22452 17.9728 0.485019 0 0 0
150.00 1025.00 17.137056 36.697768 -153005.559246 4.524030 18.270546 (Ca0.01Mg0.41Fe''0.57Mn0.03Co0.00Ni0.00)2SiO4 33.6775 0 0 0 45.6647 2.22267 17.9609 0.474183 0 0 0
150.00 1020.00 17.151325 36.654847 -153178.325727 4.526125 18.274260 (Ca0.01Mg0.40Fe''0.57Mn0.03Co0.00Ni0.00)2SiO4 33.6738 0 0 0 45.6932 2.22082 17.9487 0.463519 0 0 0
150.00 1015.00 17.165614 36.611597 -153350.716857 4.528222 18.277886 (Ca0.01Mg0.40Fe''0.57Mn0.03Co0.00Ni0.00)2SiO4 33.67 0 0 0 45.7219 2.21897 17.9361 0.453028 0 0 0
150.00 1010.00 17.179927 36.568022 -153522.744374 4.530322 18.281428 (Ca0.01Mg0.40Fe''0.57Mn0.03Co0.00Ni0.00)2SiO4 33.6662 0 0 0 45.7509 2.21712 17.9232 0.442707 0 0 0
150.00 1005.00 17.386154 36.928291 -155361.916400 4.582484 18.487448 (Ca0.01Mg0.40Fe''0.57Mn0.03Co0.00Ni0.00)2SiO4 33.6584 0 0 0 45.8272 2.188 17.8936 0.432761 0 0 0
150.00 1000.00 18.884411 40.000307 -168395.626970 4.971146 20.054445 (Ca0.01Mg0.40Fe''0.57Mn0.03Co0.00Ni0.00)2SiO4 33.6241 0 0 0 46.204 1.99665 17.751 0.424349 0 0 0

clinopyroxene_1 thermodynamic data and composition:
Pressure Temperature mass S H V Cp structure formula SiO2 TiO2 Al2O3 Fe2O3 FeO MnO MgO CaO Na2O K2O P2O5
150.00 1085.00 1.377805 3.091917 -16779.747793 0.415423 1.592306 cpx Na0.02Ca0.71Fe''0.42Mg0.76Fe'''0.02Ti0.02Al0.13Si1.91O6 50.6831 0.710097 2.9926 0.778551 13.431 0 13.4929 17.6697 0.242051 0 0
150.00 1080.00 2.895427 6.481531 -35203.241738 0.872232 3.341317 cpx Na0.02Ca0.71Fe''0.43Mg0.75Fe'''0.02Ti0.02Al0.13Si1.91O6 50.71 0.684546 2.89149 0.775522 13.6651 0 13.3484 17.6782 0.24676 0 0
150.00 1075.00 4.102843 9.162292 -49824.921588 1.235094 4.728726 cpx Na0.02Ca0.72Fe''0.44Mg0.75Fe'''0.02Ti0.02Al0.12Si1.92O6 50.7425 0.663845 2.79714 0.770074 13.8433 0 13.2324 17.6992 0.251473 0 0
150.00 1070.00 5.113125 11.391481 -62043.941300 1.538344 5.886579 cpx Na0.02Ca0.72Fe''0.44Mg0.74Fe'''0.02Ti0.02Al0.12Si1.92O6 50.7781 0.646639 2.70898 0.763014 13.9808 0 13.137 17.7294 0.256022 0 0
150.00 1065.00 5.989324 13.312507 -72637.083358 1.801098 6.888378 cpx Na0.02Ca0.72Fe''0.45Mg0.74Fe'''0.02Ti0.02Al0.12Si1.92O6 50.8152 0.632033 2.62634 0.754858 14.0888 0 13.0562 17.7663 0.260303 0 0
150.00 1060.00 6.768124 15.008835 -82054.086556 2.034458 7.776818 cpx Na0.02Ca0.72Fe''0.45Mg0.73Fe'''0.02Ti0.02Al0.11Si1.92O6 50.8523 0.619408 2.54855 0.745939 14.1756 0 12.9857 17.8082 0.264245 0 0
150.00 1055.00 7.471247 16.529980 -90559.424994 2.244983 8.577127 cpx Na0.02Ca0.72Fe''0.45Mg0.73Fe'''0.02Ti0.02Al0.11Si1.93O6 50.8888 0.608323 2.47496 0.736461 14.2479 0 12.9221 17.8537 0.26779 0 0
150.00 1050.00 8.110859 17.903855 -98299.407679 2.436333 9.303406 cpx Na0.02Ca0.73Fe''0.45Mg0.73Fe'''0.02Ti0.02Al0.11Si1.93O6 50.9237 0.59846 2.40489 0.726535 14.3114 0 12.8623 17.9018 0.270886 0 0
150.00 1045.00 8.495203 18.711111 -103013.322484 2.551370 9.738017 cpx Na0.02Ca0.73Fe''0.45Mg0.72Fe'''0.02Ti0.02Al0.11Si1.93O6 50.9414 0.598295 2.37391 0.718617 14.2972 0 12.8268 17.9707 0.273096 0 0
150.00 1040.00 8.651382 19.015395 -105034.875668 2.598340 9.912919 cpx Na0.02Ca0.73Fe''0.45Mg0.72Fe'''0.02Ti0.02Al0.11Si1.93O6 50.9424 0.607672 2.38194 0.713152 14.2048 0 12.816 18.0593 0.27477 0 0
150.00 1035.00 8.800556 19.302786 -106975.473374 2.643204 10.079649 cpx Na0.02Ca0.74Fe''0.45Mg0.72Fe'''0.02Ti0.02Al0.11Si1.93O6 50.9433 0.617216 2.39011 0.707673 14.1129 0 12.8058 18.1466 0.276451 0 0
150.00 1030.00 8.943196 19.574405 -108840.560593 2.686104 10.238755 cpx Na0.02Ca0.74Fe''0.44Mg0.72Fe'''0.02Ti0.02Al0.11Si1.93O6 50.9439 0.626937 2.39842 0.702183 14.0216 0 12.7961 18.2327 0.278141 0 0
150.00 1025.00 9.079732 19.831273 -110635.085297 2.727167 10.390738 cpx Na0.02Ca0.74Fe''0.44Mg0.72Fe'''0.02Ti0.02Al0.11Si1.93O6 50.9444 0.636843 2.40688 0.696685 13.9308 0 12.787 18.3176 0.27984 0 0
150.00 1020.00 9.210552 20.074318 -112363.556109 2.766512 10.536050 cpx Na0.02Ca0.75Fe''0.44Mg0.72Fe'''0.02Ti0.02Al0.11Si1.93O6 50.9448 0.646943 2.41551 0.691181 13.8404 0 12.7783 18.4013 0.281552 0 0
150.00 1015.00 9.336015 20.304388 -114030.090046 2.804245 10.675108 cpx Na0.02Ca0.75Fe''0.44Mg0.72Fe'''0.02Ti0.02Al0.11Si1.93O6 50.9449 0.657247 2.42432 0.685672 13.7505 0 12.7702 18.484 0.283277 0 0
150.00 1010.00 9.456444 20.522255 -115638.433624 2.840463 10.808286 cpx Na0.02Ca0.75Fe''0.43Mg0.72Fe'''0.02Ti0.02Al0.11Si1.93O6 50.9448 0.667765 2.43331 0.68016 13.6609 0 12.7624 18.5656 0.285015 0 0
150.00 1005.00 9.601909 20.792688 -117540.720798 2.884042 10.969279 cpx Na0.02Ca0.76Fe''0.43Mg0.72Fe'''0.02Ti0.02Al0.11Si1.93O6 50.9403 0.677709 2.44383 0.675873 13.5861 0 12.746 18.6434 0.286745 0 0
150.00 1000.00 9.935123 21.464547 -121641.391339 2.982952 11.340005 cpx Na0.02Ca0.76Fe''0.43Mg0.71Fe'''0.02Ti0.02Al0.11Si1.93O6 50.909 0.682829 2.4628 0.679203 13.6044 0 12.6709 18.7027 0.288229 0 0

whitlockite thermodynamic data and composition:
Pressure Temperature mass S H V Cp formula
150.00 1165.00 0.067452 0.160972 -804.201846 0.021228 0.071507 Ca3(PO4)2
150.00 1160.00 0.107341 0.255772 -1280.362052 0.033782 0.113750 Ca3(PO4)2
150.00 1155.00 0.145016 0.345006 -1730.512956 0.045639 0.153613 Ca3(PO4)2
150.00 1150.00 0.180548 0.428868 -2155.479824 0.056822 0.191175 Ca3(PO4)2
150.00 1145.00 0.214004 0.507542 -2556.030555 0.067351 0.226509 Ca3(PO4)2
150.00 1140.00 0.284004 0.672496 -3393.603807 0.089381 0.300478 Ca3(PO4)2
150.00 1135.00 0.404469 0.956229 -4835.193631 0.127293 0.427756 Ca3(PO4)2
150.00 1130.00 0.539328 1.273030 -6450.211677 0.169736 0.570146 Ca3(PO4)2
150.00 1125.00 0.658855 1.552675 -7883.197746 0.207353 0.696215 Ca3(PO4)2
150.00 1120.00 0.765624 1.801393 -9164.740504 0.240955 0.808703 Ca3(PO4)2
150.00 1115.00 0.861710 2.024196 -10319.465777 0.271195 0.909816 Ca3(PO4)2
150.00 1110.00 0.948776 2.225103 -11367.133127 0.298597 1.001322 Ca3(PO4)2
150.00 1105.00 1.028125 2.407267 -12323.226865 0.323569 1.084607 Ca3(PO4)2
150.00 1100.00 1.100734 2.573055 -13199.330661 0.346420 1.160712 Ca3(PO4)2
150.00 1095.00 1.171438 2.693623 -14108.546431 0.368672 1.665886 Ca3(PO4)2
150.00 1090.00 1.236202 2.836115 -14897.324362 0.389055 1.752746 Ca3(PO4)2
150.00 1085.00 1.396092 3.195676 -16834.031013 0.439375 1.973563 Ca3(PO4)2
150.00 1080.00 1.524254 3.481104 -18390.156989 0.479710 2.148347 Ca3(PO4)2
150.00 1075.00 1.623070 3.698325 -19593.795378 0.510809 2.280857 Ca3(PO4)2
150.00 1070.00 1.703423 3.872536 -20575.776519 0.536098 2.386715 Ca3(PO4)2
150.00 1065.00 1.771890 4.018941 -21415.180025 0.557645 2.475341 Ca3(PO4)2
150.00 1060.00 1.832794 4.147512 -22164.061255 0.576813 2.552912 Ca3(PO4)2
150.00 1055.00 1.889228 4.265346 -22859.659952 0.594574 2.623818 Ca3(PO4)2
150.00 1050.00 1.943567 4.377860 -23530.630331 0.611675 2.691406 Ca3(PO4)2
150.00 1045.00 1.971304 4.430018 -23880.075192 0.620404 2.721870 Ca3(PO4)2
150.00 1040.00 1.971304 4.419689 -23893.664765 0.620404 2.713967 Ca3(PO4)2
150.00 1035.00 1.971304 4.409351 -23907.214936 0.620404 2.706109 Ca3(PO4)2
150.00 1030.00 1.971304 4.399003 -23920.725923 0.620404 2.698294 Ca3(PO4)2
150.00 1025.00 1.971304 4.388645 -23934.197947 0.620404 2.690523 Ca3(PO4)2
150.00 1020.00 1.971304 4.378277 -23947.631223 0.620404 2.682795 Ca3(PO4)2
150.00 1015.00 1.971304 4.367898 -23961.025968 0.620404 2.675110 Ca3(PO4)2
150.00 1010.00 1.971304 4.357510 -23974.382396 0.620404 2.667468 Ca3(PO4)2
150.00 1005.00 1.971304 4.347110 -23987.700721 0.620404 2.659869 Ca3(PO4)2
150.00 1000.00 1.971304 4.336699 -24000.981155 0.620404 2.652312 Ca3(PO4)2
