Title: mars_mafic

System Thermodynamic Data:
Pressure Temperature mass F phi S H V dVdP*10^6 dVdT*10^6 Cp logfO2(absolute) logfO2-QFM rhol rhos viscosity aH2O chisqr
150.00 1300.00 100.000189 1.0000000000000000 1.000000 274.848727 -1116022.815495 36.210430 -198.202052 2447.149029 146.778513 -9.247 -2.000 2.761640 0.000000 1.542 0 0.000
150.00 1295.00 100.000360 1.0000000000000000 1.000000 274.381947 -1116759.344729 36.198349 -198.177181 2447.184893 146.779391 -9.296 -2.000 2.762567 0.000000 1.560 0 0.000
150.00 1290.00 100.000536 1.0000000000000000 1.000000 273.913683 -1117495.959493 36.186272 -198.152455 2447.221799 146.780296 -9.346 -2.000 2.763494 0.000000 1.578 0 0.000
150.00 1285.00 100.000718 1.0000000000000000 1.000000 273.443925 -1118232.661380 36.174199 -198.127879 2447.259765 146.781226 -9.396 -2.000 2.764421 0.000000 1.597 0 0.000
150.00 1280.00 100.000904 1.0000000000000000 1.000000 272.972663 -1118969.452020 36.162131 -198.103458 2447.298807 146.782182 -9.447 -2.000 2.765349 0.000000 1.615 0 0.000
150.00 1275.00 100.001096 1.0000000000000000 1.000000 272.499889 -1119706.333080 36.150067 -198.079196 2447.338942 146.783166 -9.498 -2.000 2.766277 0.000000 1.634 0 0.000
150.00 1270.00 100.000532 0.9920381554368592 0.993408 271.788642 -1120794.413021 36.118946 -197.462706 2431.192511 146.406233 -9.549 -2.000 2.764826 3.344138 1.675 0 0.000
150.00 1265.00 100.000051 0.9851862281809420 0.987749 271.110691 -1121829.225586 36.090610 -196.931928 2417.287930 146.084343 -9.600 -2.000 2.763617 3.350346 1.714 0 0.000
150.00 1260.00 99.999551 0.9783510620920089 0.982116 270.433329 -1122859.360222 36.062429 -196.405213 2403.404515 145.765496 -9.652 -2.000 2.762327 3.356658 1.754 0 0.000
150.00 1255.00 99.999030 0.9715283207374226 0.976506 269.756382 -1123885.061116 36.034393 -195.882153 2389.534093 145.449544 -9.704 -2.000 2.760953 3.363074 1.794 0 0.000
150.00 1250.00 99.998486 0.9647137538405147 0.970917 269.079681 -1124906.565606 36.006490 -195.362349 2375.668639 145.136345 -9.757 -2.000 2.759491 3.369595 1.835 0 0.000
150.00 1245.00 99.997919 0.9579032217687398 0.965345 268.403058 -1125924.103392 35.978709 -194.845414 2361.800320 144.825765 -9.810 -2.000 2.757937 3.376220 1.877 0 0.000
150.00 1240.00 99.997326 0.9510927247323483 0.959788 267.726349 -1126937.895570 35.951039 -194.330981 2347.921551 144.517675 -9.863 -2.000 2.756287 3.382948 1.919 0 0.000
150.00 1235.00 99.996706 0.9442784371266832 0.954243 267.049394 -1127948.153490 35.923471 -193.818699 2334.025063 144.211954 -9.917 -2.000 2.754537 3.389778 1.962 0 0.000
150.00 1230.00 99.996059 0.9374567473384066 0.948707 266.372040 -1128955.077416 35.895995 -193.308238 2320.103978 143.908489 -9.970 -2.000 2.752682 3.396707 2.006 0 0.000
150.00 1225.00 99.995381 0.9306243032332709 0.943178 265.694137 -1129958.854977 35.868602 -192.799298 2306.151900 143.607178 -10.025 -2.000 2.750719 3.403733 2.050 0 0.000
150.00 1220.00 99.994672 0.9237780634593707 0.937654 265.015546 -1130959.659430 35.841284 -192.291607 2292.163008 143.307930 -10.079 -2.000 2.748644 3.410853 2.095 0 0.000
150.00 1215.00 99.993930 0.9169153544136248 0.932133 264.336136 -1131957.647718 35.814034 -191.784928 2278.132171 143.010665 -10.134 -2.000 2.746451 3.418063 2.141 0 0.000
150.00 1210.00 99.993153 0.9100339325272520 0.926613 263.655788 -1132952.958344 35.786847 -191.279068 2264.055069 142.715317 -10.190 -2.000 2.744139 3.425357 2.188 0 0.000
150.00 1205.00 99.992339 0.9031320487436112 0.921093 262.978633 -1133939.441533 35.759717 -190.773878 2249.928313 139.033185 -10.245 -2.000 2.741702 3.432729 2.236 0 0.000
150.00 1200.00 99.991488 0.8962084966873597 0.915573 262.307592 -1134912.776770 35.732642 -190.269259 2235.749543 138.737776 -10.302 -2.000 2.739137 3.440174 2.285 0 0.000
150.00 1195.00 99.990597 0.8892627262446212 0.910053 261.635392 -1135883.699730 35.705618 -189.765175 2221.517644 138.444061 -10.358 -2.000 2.736442 3.447684 2.334 0 0.000
150.00 1190.00 99.989666 0.8822949061642573 0.904531 260.961980 -1136852.251323 35.678647 -189.261651 2207.232876 138.152045 -10.415 -2.000 2.733613 3.455249 2.385 0 0.000
150.00 1185.00 99.988692 0.8753059871914108 0.899009 260.287324 -1137818.442236 35.651730 -188.758786 2192.896991 137.861752 -10.472 -2.000 2.730649 3.462860 2.436 0 0.000
150.00 1180.00 99.987676 0.8682977663786833 0.893489 259.611417 -1138782.250870 35.624871 -188.256753 2178.513361 137.573230 -10.530 -2.000 2.727549 3.470507 2.489 0 0.000
150.00 1175.00 99.986615 0.8612729424223942 0.887972 258.934279 -1139743.621627 35.598075 -187.755806 2164.087088 137.286548 -10.588 -2.000 2.724311 3.478179 2.542 0 0.000
150.00 1170.00 99.985510 0.8542351582965667 0.882462 258.255954 -1140702.463689 35.571350 -187.256280 2149.625089 137.001799 -10.646 -2.000 2.720936 3.485861 2.597 0 0.000
150.00 1165.00 99.984172 0.8461850918398830 0.876089 257.565787 -1141670.455976 35.541733 -186.732295 2134.434338 136.650882 -10.705 -2.000 2.717127 3.492052 2.659 0 0.000
150.00 1160.00 99.982867 0.8385534304345109 0.870093 256.879610 -1142629.919731 35.513455 -186.222278 2119.536318 136.330540 -10.765 -2.000 2.713299 3.498884 2.720 0 0.000
150.00 1155.00 99.981524 0.8309667347493550 0.864150 256.193360 -1143585.347435 35.485406 -185.716718 2104.674293 136.015153 -10.824 -2.000 2.709346 3.505759 2.782 0 0.000
150.00 1150.00 99.980145 0.8234311134958008 0.858263 255.507166 -1144536.567620 35.457597 -185.216236 2089.861254 135.704802 -10.885 -2.000 2.705274 3.512655 2.845 0 0.000
150.00 1145.00 99.978729 0.8159535497389311 0.852437 254.821184 -1145483.377928 35.430042 -184.721517 2075.111803 135.399587 -10.945 -2.000 2.701089 3.519550 2.909 0 0.000
150.00 1140.00 99.975776 0.7884466389252167 0.826504 253.674838 -1147048.034671 35.360410 -180.759782 2035.389779 134.570079 -11.006 -2.000 2.697150 3.447521 2.975 0 0.000
150.00 1135.00 99.971546 0.7350819416104701 0.774527 251.985245 -1149348.945829 35.203719 -171.908124 1970.580937 133.151970 -11.067 -2.000 2.695176 3.336602 3.028 0 0.000
150.00 1130.00 99.967715 0.6753099521956495 0.715701 250.211151 -1151768.261090 34.991564 -161.417617 1907.023080 131.679671 -11.129 -2.000 2.695678 3.262794 3.059 0 0.000
150.00 1125.00 99.963902 0.6203698998731803 0.661165 248.536117 -1154040.374729 34.797124 -151.796600 1847.958239 130.330017 -11.192 -2.000 2.695507 3.218643 3.092 0 0.000
150.00 1120.00 99.960119 0.5696204809298696 0.610397 246.947505 -1156184.183536 34.617380 -142.928302 1792.895941 129.086373 -11.254 -2.000 2.694672 3.189786 3.129 0 0.000
150.00 1115.00 99.956382 0.5225489462354732 0.562964 245.435099 -1158215.028258 34.449969 -134.719384 1741.435200 127.935149 -11.318 -2.000 2.693195 3.169812 3.168 0 0.000
150.00 1110.00 99.952703 0.4787382074447493 0.518508 243.990480 -1160145.588491 34.293061 -127.093507 1693.234941 126.865142 -11.381 -2.000 2.691105 3.155407 3.211 0 0.000
150.00 1105.00 99.949094 0.4378512354213220 0.476731 242.606823 -1161986.215567 34.145282 -119.987620 1648.006939 125.867316 -11.445 -2.000 2.688444 3.144668 3.256 0 0.000
150.00 1100.00 99.945572 0.3996259221846757 0.437398 241.278950 -1163744.925980 34.005660 -113.350021 1605.523552 124.934842 -11.510 -2.000 2.685279 3.136410 3.304 0 0.000
150.00 1095.00 99.942141 0.3637321410164470 0.400192 239.961079 -1165485.198793 33.873003 -107.121572 1565.528481 124.488650 -11.575 -2.000 2.681689 3.129843 3.355 0 0.000
150.00 1090.00 99.938840 0.3301920606975377 0.365150 238.730223 -1167102.558197 33.747530 -101.288214 1528.042666 123.688984 -11.640 -2.000 2.677855 3.124437 3.407 0 0.000
150.00 1085.00 99.937537 0.2661083724097884 0.299630 236.718067 -1169815.162938 33.516343 -90.636673 1431.988367 122.085797 -11.706 -2.000 2.648170 3.124469 3.629 0 0.000
150.00 1080.00 99.936172 0.2117489130135301 0.242516 234.956985 -1172176.436275 33.314975 -81.242349 1354.634114 120.773340 -11.773 -2.000 2.619168 3.121581 3.852 0 0.000
150.00 1075.00 99.934820 0.1673314258590740 0.194491 233.462353 -1174169.272658 33.144839 -73.198685 1295.572639 119.746382 -11.840 -2.000 2.594054 3.116755 4.053 0 0.000
150.00 1070.00 99.933561 0.1296934859900055 0.152716 232.151452 -1175909.183633 32.995900 -66.085214 1248.523322 118.910269 -11.907 -2.000 2.572080 3.110962 4.238 0 0.000
150.00 1065.00 99.932428 0.0967596914238274 0.115269 230.970775 -1177470.393655 32.861487 -59.611266 1209.606045 118.205719 -11.975 -2.000 2.552702 3.104641 4.409 0 0.000
150.00 1060.00 99.931435 0.0670686019421290 0.080745 229.883580 -1178903.529546 32.736781 -53.559086 1176.267472 117.593237 -12.044 -2.000 2.535521 3.097990 4.569 0 0.000
150.00 1055.00 99.930584 0.0395200779148386 0.048042 228.863211 -1180245.052310 32.618009 -47.752748 1146.731800 117.045006 -12.113 -2.000 2.520239 3.091087 4.720 0 0.000
150.00 1050.00 99.929874 0.0132418738524478 0.016242 227.889490 -1181522.337516 32.502009 -42.042243 1119.715993 116.540585 -12.183 -2.000 2.506636 3.083952 4.864 0 0.000
150.00 1045.00 99.929411 0.0000000000000000 0.000000 227.183929 -1182445.623000 32.439772 -39.102560 1105.650074 116.261821 -12.253 -2.000 0.000000 3.080460 4.900 0 0.000
150.00 1040.00 99.929100 0.0000000000000000 0.000000 226.734063 -1183031.575650 32.433996 -39.102110 1103.896700 116.196783 -12.323 -2.000 0.000000 3.080999 4.900 0 0.000
150.00 1035.00 99.928791 0.0000000000000000 0.000000 226.282768 -1183617.178493 32.428225 -39.101641 1102.143401 116.131448 -12.394 -2.000 0.000000 3.081537 4.900 0 0.000
150.00 1030.00 99.928482 0.0000000000000000 0.000000 225.830034 -1184202.430718 32.422459 -39.101150 1100.390188 116.065811 -12.466 -2.000 0.000000 3.082076 4.900 0 0.000
150.00 1025.00 99.928175 0.0000000000000000 0.000000 225.375851 -1184787.331503 32.416696 -39.100638 1098.637074 115.999869 -12.538 -2.000 0.000000 3.082614 4.900 0 0.000
150.00 1020.00 99.927868 0.0000000000000000 0.000000 224.920206 -1185371.880022 32.410938 -39.100103 1096.884071 115.933617 -12.611 -2.000 0.000000 3.083153 4.900 0 0.000
150.00 1015.00 99.927563 0.0000000000000000 0.000000 224.462586 -1185956.726262 32.405163 -39.144529 1106.833926 116.259506 -12.684 -2.000 0.000000 3.083693 4.900 0 0.000
150.00 1010.00 99.927258 0.0000000000000000 0.000000 224.002458 -1186542.533696 32.399353 -39.144053 1105.129053 116.194226 -12.758 -2.000 0.000000 3.084236 4.900 0 0.000
150.00 1005.00 99.925921 0.0000000000000000 0.000000 223.519509 -1187135.744479 32.393484 -39.162083 1104.419571 116.121363 -12.833 -2.000 0.000000 3.084754 4.900 0 0.000
150.00 1000.00 99.917456 0.0000000000000000 0.000000 222.891376 -1187777.339304 32.387195 -39.304019 1110.329026 115.999781 -12.908 -2.000 0.000000 3.085091 4.900 0 0.000
