Title: mars_ultram

liquid_0 thermodynamic data and composition:
Pressure Temperature mass S H V Cp viscosity SiO2 TiO2 Al2O3 Fe2O3 FeO MnO MgO CaO Na2O K2O P2O5 Mg#
150.00 1700.00 99.980183 311.548185 -1070388.433204 35.315436 163.351734 -0.566 44.6861 0.140928 3.0395 0.902389 17.2034 0.462992 30.3945 2.46579 0.5032 0.040208 0.161032 75.9
150.00 1695.00 99.980122 311.133459 -1071204.356903 35.300319 163.351423 -0.558 44.6861 0.140928 3.0395 0.901783 17.2039 0.462992 30.3945 2.46579 0.5032 0.040208 0.161032 75.9
150.00 1690.00 99.980063 310.717687 -1072020.299626 35.285204 163.351120 -0.550 44.6861 0.140928 3.03951 0.901194 17.2045 0.462992 30.3946 2.46579 0.5032 0.040208 0.161032 75.9
150.00 1685.00 99.980006 310.300865 -1072836.261689 35.270090 163.350825 -0.542 44.6861 0.140928 3.03951 0.900621 17.205 0.462993 30.3946 2.46579 0.503201 0.040208 0.161032 75.9
150.00 1680.00 99.979950 309.882985 -1073652.243412 35.254978 163.350539 -0.534 44.6862 0.140928 3.03951 0.900064 17.2055 0.462993 30.3946 2.46579 0.503201 0.0402081 0.161032 75.9
150.00 1675.00 99.979896 309.464044 -1074468.245119 35.239868 163.350261 -0.526 44.6862 0.140928 3.03951 0.899524 17.206 0.462993 30.3946 2.4658 0.503201 0.0402081 0.161032 75.9
150.00 1670.00 99.979843 309.044035 -1075284.267140 35.224760 163.349992 -0.518 44.6862 0.140928 3.03951 0.899 17.2065 0.462993 30.3946 2.4658 0.503201 0.0402081 0.161032 75.9
150.00 1665.00 99.979792 308.622953 -1076100.309810 35.209653 163.349731 -0.509 44.6862 0.140928 3.03951 0.898493 17.207 0.462994 30.3946 2.4658 0.503202 0.0402081 0.161033 75.9
150.00 1660.00 99.979743 308.200793 -1076916.373468 35.194548 163.349479 -0.501 44.6863 0.140929 3.03952 0.898003 17.2074 0.462994 30.3947 2.4658 0.503202 0.0402081 0.161033 75.9
150.00 1655.00 99.979696 307.777548 -1077732.458460 35.179445 163.349236 -0.493 44.6863 0.140929 3.03952 0.89753 17.2078 0.462994 30.3947 2.4658 0.503202 0.0402082 0.161033 75.9
150.00 1650.00 99.979650 307.353214 -1078548.565136 35.164344 163.349001 -0.484 44.6863 0.140929 3.03952 0.897074 17.2083 0.462994 30.3947 2.4658 0.503202 0.0402082 0.161033 75.9
150.00 1645.00 99.979606 306.927784 -1079364.693850 35.149245 163.348776 -0.476 44.6863 0.140929 3.03952 0.896636 17.2087 0.462994 30.3947 2.4658 0.503203 0.0402082 0.161033 75.9
150.00 1640.00 99.979564 306.501252 -1080180.844966 35.134147 163.348559 -0.468 44.6863 0.140929 3.03952 0.896215 17.209 0.462995 30.3947 2.4658 0.503203 0.0402082 0.161033 75.9
150.00 1635.00 99.979524 306.073613 -1080997.018849 35.119051 163.348352 -0.459 44.6864 0.140929 3.03952 0.895811 17.2094 0.462995 30.3947 2.4658 0.503203 0.0402082 0.161033 75.9
150.00 1630.00 98.878364 302.182245 -1068552.503729 34.714420 161.307492 -0.444 44.7233 0.142498 3.07337 0.900606 17.3312 0.464907 30.1593 2.49257 0.508807 0.040656 0.162826 75.6
150.00 1625.00 97.249062 296.643692 -1049763.512388 34.123943 158.292038 -0.426 44.7802 0.144886 3.12486 0.907935 17.5125 0.467653 29.8044 2.53324 0.517331 0.0413372 0.165554 75.2
150.00 1620.00 95.666788 291.269076 -1031560.137194 33.551261 155.368666 -0.407 44.8383 0.147282 3.17655 0.915092 17.6899 0.470216 29.4524 2.57403 0.525888 0.0420209 0.168292 74.8
150.00 1615.00 94.128885 286.049405 -1013910.488832 32.995393 152.532325 -0.388 44.8977 0.149688 3.22845 0.922078 17.8632 0.472597 29.1031 2.61495 0.53448 0.0427074 0.171042 74.4
150.00 1610.00 92.632870 280.976289 -996784.840774 32.455427 149.778307 -0.369 44.9583 0.152106 3.28058 0.928897 18.0325 0.474798 28.7565 2.65602 0.543112 0.0433971 0.173804 74.0
150.00 1605.00 91.176426 276.041893 -980155.443363 31.930507 147.102211 -0.350 45.0202 0.154536 3.33299 0.935551 18.1978 0.476821 28.4124 2.69725 0.551787 0.0440903 0.176581 73.6
150.00 1600.00 89.757381 271.238886 -963996.356871 31.419836 144.499925 -0.330 45.0834 0.156979 3.38568 0.942042 18.3589 0.478668 28.0709 2.73867 0.560511 0.0447874 0.179372 73.2
150.00 1595.00 88.373699 266.560405 -948283.301331 30.922667 141.967598 -0.310 45.1481 0.159437 3.43869 0.948374 18.5159 0.480341 27.7319 2.7803 0.569287 0.0454886 0.182181 72.8
150.00 1590.00 87.023471 262.000010 -932993.521239 30.438296 139.501618 -0.290 45.2143 0.16191 3.49205 0.954547 18.6687 0.481841 27.3952 2.82215 0.57812 0.0461944 0.185008 72.3
150.00 1585.00 85.704899 257.551657 -918105.663475 29.966067 137.098595 -0.270 45.282 0.164401 3.54577 0.960563 18.8172 0.48317 27.0609 2.86425 0.587014 0.0469051 0.187854 71.9
150.00 1580.00 84.416292 253.209660 -903599.666994 29.505359 134.755342 -0.249 45.3513 0.166911 3.5999 0.966424 18.9613 0.48433 26.7289 2.90661 0.595975 0.0476211 0.190721 71.5
150.00 1575.00 83.156056 248.968668 -889456.663048 29.055590 132.468860 -0.228 45.4223 0.16944 3.65445 0.972131 19.101 0.485322 26.3991 2.94927 0.605007 0.0483428 0.193612 71.1
150.00 1570.00 81.922687 244.823639 -875658.884813 28.616210 130.236325 -0.207 45.4951 0.171991 3.70947 0.977685 19.2363 0.486149 26.0714 2.99223 0.614116 0.0490707 0.196527 70.7
150.00 1565.00 80.714765 240.769814 -862189.585494 28.186702 128.055070 -0.186 45.5696 0.174565 3.76499 0.983087 19.367 0.486811 25.7458 3.03554 0.623306 0.049805 0.199468 70.3
150.00 1560.00 79.530943 236.802701 -849032.964049 27.766575 125.922582 -0.164 45.6461 0.177164 3.82103 0.988338 19.493 0.487311 25.4223 3.0792 0.632584 0.0505464 0.202437 69.9
150.00 1555.00 78.369950 232.918053 -836174.097795 27.355367 123.836482 -0.142 45.7245 0.179788 3.87763 0.993437 19.6142 0.48765 25.1008 3.12326 0.641955 0.0512952 0.205436 69.5
150.00 1550.00 77.230579 229.111849 -823598.881281 26.952639 121.794521 -0.119 45.805 0.182441 3.93484 0.998385 19.7306 0.487829 24.7812 3.16772 0.651426 0.0520519 0.208467 69.1
150.00 1545.00 76.111685 225.380285 -811293.970829 26.557979 119.794570 -0.097 45.8877 0.185123 3.99269 1.00318 19.842 0.48785 24.4634 3.21263 0.661002 0.0528171 0.211531 68.7
150.00 1540.00 75.012181 221.719753 -799246.734283 26.170991 117.834612 -0.073 45.9726 0.187836 4.05121 1.00783 19.9484 0.487715 24.1475 3.25801 0.670691 0.0535913 0.214632 68.3
150.00 1535.00 73.931034 218.126833 -787445.205535 25.791304 115.912736 -0.050 46.0599 0.190583 4.11045 1.01232 20.0495 0.487424 23.8334 3.30388 0.680499 0.054375 0.217771 67.9
150.00 1530.00 72.867261 214.598277 -775878.043440 25.418564 114.027127 -0.026 46.1496 0.193365 4.17046 1.01666 20.1452 0.48698 23.5209 3.35029 0.690433 0.0551688 0.22095 67.5
150.00 1525.00 71.819929 211.131006 -764534.494831 25.052434 112.176064 -0.002 46.2418 0.196185 4.23128 1.02084 20.2355 0.486383 23.2101 3.39726 0.700502 0.0559733 0.224172 67.2
150.00 1520.00 70.788147 207.722093 -753404.361339 24.692596 110.357912 0.023 46.3368 0.199045 4.29295 1.02486 20.3201 0.485634 22.9009 3.44483 0.710712 0.0567892 0.227439 66.8
150.00 1515.00 69.771070 204.368759 -742477.969798 24.338747 108.571122 0.048 46.4345 0.201946 4.35553 1.02873 20.3988 0.484736 22.5932 3.49302 0.721072 0.057617 0.230755 66.4
150.00 1510.00 68.767893 201.068366 -731746.146039 23.990599 106.814219 0.074 46.5352 0.204892 4.41907 1.03243 20.4716 0.483689 22.287 3.54189 0.731591 0.0584575 0.234121 66.0
150.00 1505.00 67.777849 197.818408 -721200.191921 23.647879 105.085807 0.100 46.639 0.207885 4.48362 1.03597 20.5382 0.482495 21.9823 3.59146 0.742278 0.0593114 0.237541 65.6
150.00 1500.00 66.800209 194.616510 -710831.865456 23.310328 103.384561 0.127 46.7459 0.210927 4.54924 1.03934 20.5984 0.481154 21.6789 3.64178 0.753141 0.0601795 0.241017 65.2
150.00 1495.00 65.834283 191.460418 -700633.363953 22.977699 101.709223 0.154 46.8562 0.214022 4.61598 1.04254 20.652 0.479668 21.3769 3.69288 0.764191 0.0610624 0.244553 64.9
150.00 1490.00 64.879415 188.348001 -690597.310091 22.649762 100.058607 0.182 46.97 0.217172 4.68392 1.04556 20.6989 0.478038 21.0761 3.74482 0.775439 0.0619611 0.248153 64.5
150.00 1485.00 63.934984 185.277245 -680716.740873 22.326295 98.431589 0.210 47.0874 0.22038 4.75311 1.0484 20.7387 0.476264 20.7765 3.79762 0.786893 0.0628764 0.251818 64.1
150.00 1480.00 63.000405 182.246251 -670985.099442 22.007091 96.827110 0.239 47.2087 0.223649 4.82362 1.05105 20.7712 0.474348 20.4782 3.85135 0.798566 0.0638091 0.255554 63.7
150.00 1475.00 62.075129 179.253236 -661396.229729 21.691957 95.244178 0.269 47.334 0.226983 4.89552 1.05351 20.7962 0.472291 20.1809 3.90603 0.810469 0.0647602 0.259363 63.4
150.00 1470.00 61.158642 176.296531 -651944.373940 21.380709 93.681863 0.299 47.4635 0.230384 4.96888 1.05577 20.8134 0.470094 19.8847 3.96174 0.822615 0.0657307 0.26325 63.0
150.00 1465.00 60.250465 173.374584 -642624.172875 21.073179 92.139298 0.330 47.5973 0.233857 5.04378 1.05782 20.8225 0.467758 19.5896 4.0185 0.835014 0.0667215 0.267218 62.6
150.00 1460.00 59.350157 170.485958 -633430.669088 20.769209 90.615682 0.361 47.7357 0.237405 5.12029 1.05965 20.8232 0.465284 19.2954 4.07638 0.847681 0.0677336 0.271271 62.3
150.00 1455.00 58.457318 167.629339 -624359.312867 20.468657 89.110282 0.394 47.8789 0.241031 5.19849 1.06126 20.8153 0.462672 19.0021 4.13543 0.860628 0.0687681 0.275415 61.9
150.00 1450.00 57.571584 164.803533 -615405.971001 20.171392 87.622430 0.427 48.0271 0.244739 5.27847 1.06263 20.7983 0.459924 18.7098 4.1957 0.873869 0.0698261 0.279652 61.6
150.00 1445.00 56.692637 162.007475 -606566.938277 19.877298 86.151531 0.461 48.1805 0.248533 5.36031 1.06376 20.772 0.457041 18.4182 4.25725 0.887417 0.0709087 0.283987 61.2
150.00 1440.00 55.820201 159.240235 -597838.951572 19.586273 84.697062 0.495 48.3393 0.252418 5.44409 1.06463 20.7361 0.454025 18.1276 4.32012 0.901287 0.0720169 0.288426 60.9
150.00 1435.00 54.954050 156.501019 -589219.206363 19.298232 83.258576 0.531 48.5038 0.256396 5.52989 1.06523 20.6902 0.450875 17.8377 4.38438 0.915492 0.073152 0.292972 60.6
150.00 1430.00 54.094006 153.789181 -580705.375360 19.013104 81.835704 0.568 48.6741 0.260472 5.61781 1.06555 20.6338 0.447595 17.5485 4.45007 0.930048 0.0743151 0.29763 60.3
150.00 1425.00 53.239944 151.104226 -572295.628875 18.730835 80.428165 0.605 48.8506 0.264651 5.70793 1.06557 20.5668 0.444184 17.2602 4.51725 0.944967 0.0755072 0.302405 59.9
150.00 1420.00 52.391800 148.445822 -563988.656352 18.451390 79.035762 0.644 49.0333 0.268935 5.80034 1.06528 20.4887 0.440646 16.9725 4.58596 0.960265 0.0767296 0.3073 59.6
150.00 1415.00 51.549565 145.813806 -555783.688365 18.174751 77.658390 0.684 49.2226 0.273329 5.8951 1.06466 20.3992 0.43698 16.6856 4.65626 0.975954 0.0779832 0.312321 59.3
150.00 1410.00 50.713297 143.208190 -547680.518121 17.900922 76.296042 0.724 49.4187 0.277836 5.99231 1.06369 20.2979 0.433191 16.3994 4.72819 0.992047 0.0792691 0.317471 59.0
150.00 1405.00 49.883120 140.629175 -539679.521333 17.629924 74.948809 0.766 49.6217 0.28246 6.09204 1.06236 20.1845 0.429279 16.114 4.80179 1.00856 0.0805884 0.322754 58.7
150.00 1400.00 49.059231 138.077149 -531781.673040 17.361801 73.616886 0.810 49.8318 0.287204 6.19435 1.06065 20.0586 0.425248 15.8294 4.87709 1.0255 0.0819418 0.328175 58.5
150.00 1395.00 48.241896 135.552701 -523988.559730 17.096620 72.300576 0.854 50.0492 0.29207 6.2993 1.05854 19.9201 0.4211 15.5456 4.95411 1.04287 0.0833301 0.333735 58.2
150.00 1390.00 47.431460 133.056618 -516302.384878 16.834466 71.000286 0.900 50.2741 0.29706 6.40693 1.05601 19.7686 0.416839 15.2627 5.03288 1.06069 0.0847539 0.339437 57.9
150.00 1385.00 46.321458 129.732681 -504632.925470 16.445595 69.259799 0.931 50.2829 0.304086 6.5472 1.05877 19.7331 0.416222 14.9974 5.14 1.08603 0.0867848 0.347571 57.5
150.00 1380.00 45.220645 126.446640 -493076.602073 16.060035 67.540214 0.962 50.2869 0.311382 6.69202 1.06141 19.69 0.415596 14.735 5.25032 1.11238 0.0888974 0.356032 57.2
150.00 1375.00 44.147246 123.248978 -481874.700074 15.685471 65.868349 0.995 50.3001 0.318839 6.83968 1.06359 19.6313 0.414735 14.4745 5.36224 1.13933 0.0910589 0.364689 56.8
150.00 1370.00 43.100130 120.136024 -471010.618109 15.321411 64.242177 1.028 50.3222 0.326463 6.99028 1.06527 19.5568 0.413645 14.2158 5.47578 1.16692 0.0932712 0.373549 56.4
150.00 1365.00 42.078307 117.104522 -460469.283395 14.967409 62.659894 1.063 50.3532 0.334259 7.14391 1.06647 19.4667 0.412335 13.9589 5.59095 1.19515 0.0955362 0.38262 56.1
150.00 1360.00 41.080916 114.151589 -450237.009200 14.623064 61.119901 1.099 50.393 0.342233 7.30068 1.06716 19.3607 0.410811 13.7039 5.70775 1.22406 0.0978557 0.391909 55.8
150.00 1355.00 40.107210 111.274680 -440301.360214 14.288019 59.620780 1.136 50.4412 0.350389 7.46065 1.06733 19.2392 0.409085 13.4507 5.82617 1.25367 0.100231 0.401424 55.5
150.00 1350.00 39.156551 108.471561 -430651.024114 13.961950 58.161280 1.174 50.4978 0.358732 7.62388 1.06698 19.1021 0.407163 13.1994 5.94619 1.28398 0.102665 0.41117 55.2
150.00 1345.00 38.228392 105.740267 -421275.688067 13.644569 56.740297 1.213 50.5624 0.367266 7.79043 1.06609 18.9496 0.405057 12.9501 6.06775 1.31503 0.105157 0.421153 54.9
150.00 1340.00 37.322270 103.079074 -412165.919303 13.335614 55.356856 1.254 50.6347 0.375994 7.96032 1.06465 18.7821 0.402776 12.7027 6.19081 1.34683 0.10771 0.431378 54.7
150.00 1335.00 36.437792 100.486461 -403313.049389 13.034851 54.010092 1.296 50.7143 0.384917 8.13357 1.06266 18.6 0.400331 12.4575 6.31529 1.37938 0.110325 0.441849 54.4
150.00 1330.00 35.574626 97.961082 -394709.062202 12.742063 52.699234 1.339 50.8007 0.394038 8.31015 1.06011 18.4035 0.397733 12.2144 6.44108 1.4127 0.113002 0.45257 54.2
150.00 1325.00 34.732483 95.501725 -386346.486095 12.457056 51.423582 1.383 50.8936 0.403356 8.49006 1.057 18.1933 0.394993 11.9735 6.56808 1.4468 0.115742 0.463543 54.0
150.00 1320.00 33.911112 93.107283 -378218.291043 12.179644 50.182494 1.429 50.9924 0.412872 8.67323 1.05331 17.9699 0.392122 11.735 6.69616 1.48168 0.118545 0.474771 53.8
150.00 1315.00 33.110284 90.776724 -370317.791892 11.909656 48.975369 1.475 51.0965 0.422585 8.8596 1.04906 17.7339 0.389133 11.499 6.82516 1.51734 0.121412 0.486254 53.6
150.00 1310.00 32.329780 88.509055 -362638.558994 11.646926 47.801625 1.523 51.2053 0.432492 9.04909 1.04424 17.4862 0.386037 11.2655 6.95492 1.55379 0.124344 0.497993 53.5
150.00 1305.00 31.569386 86.303301 -355174.337547 11.391293 46.660693 1.571 51.3182 0.442591 9.24159 1.03885 17.2275 0.382845 11.0348 7.08527 1.59102 0.127339 0.509988 53.3
150.00 1300.00 30.828876 84.158473 -347918.976911 11.142596 45.551994 1.621 51.4346 0.452879 9.43698 1.03291 16.9586 0.37957 10.8069 7.216 1.62903 0.130397 0.522238 53.2
150.00 1295.00 30.108011 82.073551 -340866.370894 10.900677 44.474936 1.671 51.5537 0.463352 9.63512 1.02642 16.6804 0.376221 10.5819 7.34691 1.66781 0.133519 0.534741 53.1
150.00 1290.00 29.406527 80.047468 -334010.409743 10.665371 43.428900 1.723 51.6748 0.474004 9.83587 1.01939 16.3939 0.372811 10.3599 7.47778 1.70735 0.136704 0.547497 53.0
150.00 1285.00 28.724134 78.079091 -327344.944100 10.436512 42.413235 1.775 51.7973 0.484833 10.0391 1.01183 16.1 0.369349 10.1411 7.60839 1.74766 0.139952 0.560504 52.9
150.00 1280.00 28.060506 76.167217 -320863.760785 10.213930 41.427251 1.827 51.9206 0.495831 10.2446 1.00377 15.7996 0.365845 9.9255 7.7385 1.78872 0.143262 0.57376 52.8
150.00 1275.00 27.415287 74.310565 -314560.569827 9.997446 40.470221 1.881 52.0439 0.506995 10.4523 0.995211 15.4938 0.362309 9.71324 7.86788 1.83053 0.146634 0.587264 52.8
150.00 1270.00 26.788084 72.507777 -308429.001766 9.786880 39.541376 1.935 52.1666 0.51832 10.6619 0.986183 15.1834 0.358749 9.50436 7.99628 1.87309 0.150067 0.601013 52.7
150.00 1265.00 26.178472 70.757421 -302462.613950 9.582043 38.639910 1.989 52.2882 0.529799 10.8733 0.976702 14.8694 0.355174 9.29893 8.12347 1.91638 0.153561 0.615009 52.7
150.00 1260.00 25.585992 69.057995 -296654.904394 9.382744 37.764980 2.044 52.408 0.541428 11.0865 0.966792 14.5527 0.351589 9.09699 8.24921 1.9604 0.157117 0.629251 52.7
150.00 1255.00 25.010159 67.407934 -290999.331612 9.188785 36.915713 2.099 52.5256 0.553203 11.3011 0.956476 14.2341 0.348002 8.89857 8.37326 2.00516 0.160735 0.643738 52.7
150.00 1250.00 24.450459 65.805625 -285489.338887 8.999968 36.091210 2.154 52.6405 0.565119 11.5171 0.945776 13.9145 0.344419 8.70369 8.49538 2.05066 0.164414 0.658474 52.7
150.00 1245.00 23.906359 64.249413 -280118.381547 8.816091 35.290553 2.210 52.7521 0.577172 11.7344 0.934716 13.5945 0.340845 8.51235 8.61536 2.0969 0.168156 0.673461 52.7
150.00 1240.00 23.377310 62.737613 -274879.955945 8.636952 34.512809 2.266 52.8602 0.58936 11.9529 0.923322 13.2749 0.337284 8.32455 8.73295 2.1439 0.171962 0.688702 52.8
150.00 1235.00 22.862751 61.268526 -269767.629066 8.462348 33.757040 2.321 52.9643 0.601678 12.1723 0.911617 12.9564 0.333739 8.14026 8.84794 2.19166 0.175832 0.704202 52.8
150.00 1230.00 22.362111 59.840449 -264775.067914 8.292078 33.022307 2.377 53.0642 0.614126 12.3927 0.899625 12.6396 0.330215 7.95945 8.96012 2.2402 0.179768 0.719968 52.9
150.00 1225.00 21.874820 58.451684 -259896.068024 8.125945 32.307675 2.433 53.1596 0.6267 12.614 0.887369 12.3249 0.326713 7.78208 9.06927 2.28954 0.183773 0.736006 53.0
150.00 1220.00 21.400308 57.100554 -255124.580678 7.963752 31.612222 2.488 53.2504 0.639398 12.836 0.874874 12.013 0.323236 7.6081 9.17517 2.3397 0.187848 0.752326 53.0
150.00 1215.00 20.938011 55.785409 -250454.738551 7.805312 30.935044 2.544 53.3362 0.65222 13.0588 0.862162 11.7041 0.319785 7.43744 9.27765 2.39071 0.191995 0.768936 53.1
150.00 1210.00 20.487375 54.504638 -245880.879665 7.650438 30.275255 2.599 53.4169 0.665164 13.2823 0.849254 11.3988 0.316361 7.27006 9.37648 2.44261 0.196218 0.78585 53.2
150.00 1205.00 20.047836 53.257672 -241395.728065 7.498943 28.790138 2.654 53.4925 0.67823 13.5064 0.836173 11.0973 0.312966 7.10587 9.47148 2.49542 0.20052 0.803079 53.3
150.00 1200.00 19.618646 52.043106 -236990.075771 7.350564 28.174493 2.709 53.5626 0.691423 13.7312 0.822949 10.8001 0.309602 6.94482 9.56251 2.54921 0.204907 0.820648 53.4
150.00 1195.00 19.199242 50.857531 -232660.963179 7.205115 27.573273 2.764 53.627 0.704744 13.9567 0.809602 10.5075 0.306271 6.78683 9.64939 2.60405 0.209383 0.838575 53.5
150.00 1190.00 18.789148 49.699587 -228403.851619 7.062444 26.985733 2.818 53.6858 0.718192 14.1828 0.796151 10.2196 0.30297 6.63182 9.73192 2.65997 0.213953 0.856878 53.6
150.00 1185.00 18.387910 48.567980 -224214.500340 6.922411 26.411166 2.872 53.7389 0.731765 14.4096 0.782614 9.93658 0.2997 6.47971 9.80994 2.71703 0.218622 0.875575 53.8
150.00 1180.00 17.995098 47.461498 -220088.982161 6.784883 25.848908 2.926 53.7864 0.745461 14.637 0.769008 9.65864 0.296459 6.33041 9.88327 2.77529 0.223394 0.894688 53.9
150.00 1175.00 15.722813 41.415900 -192537.710490 5.936802 22.578560 2.957 53.8542 0.84549 14.4491 0.768569 9.4316 0.294315 6.15939 10.0063 2.9141 0.252948 1.02399 53.8
150.00 1170.00 13.014987 34.239188 -159461.979952 4.920846 18.688299 2.972 53.8835 1.00836 14.0466 0.772945 9.20055 0.292005 5.99376 10.1908 3.07479 0.299645 1.23704 53.7
150.00 1165.00 10.467906 27.516028 -128335.959712 3.965221 15.003467 3.023 54.1547 1.23263 13.7321 0.773696 8.99593 0.287901 5.7986 10.1623 3.26202 0.362407 1.23775 53.5
150.00 1160.00 8.520068 22.374541 -104537.977241 3.232535 12.193118 3.069 54.3599 1.48685 13.4571 0.771586 8.77527 0.283634 5.62458 10.1491 3.41569 0.430965 1.24537 53.3
150.00 1155.00 6.424369 16.871685 -79111.529011 2.449618 9.167305 3.182 54.86 1.81682 13.5511 0.741161 8.30054 0.278088 5.31093 9.65885 3.71197 0.545587 1.225 53.3
150.00 1150.00 5.186742 13.606604 -63958.419334 1.980966 7.391097 3.233 54.9968 2.14442 13.411 0.729346 8.02597 0.274147 5.14398 9.56962 3.82311 0.643282 1.23836 53.3
150.00 1145.00 4.207035 11.021585 -51936.239543 1.608412 5.988722 3.274 55.0321 2.5071 13.2811 0.717529 7.76934 0.271147 5.00313 9.5258 3.8831 0.748975 1.26068 53.4
150.00 1140.00 3.418195 8.940488 -42234.392019 1.307277 4.862265 3.303 54.9594 2.91066 13.1604 0.705946 7.53158 0.269282 4.88667 9.52866 3.89178 0.862842 1.2928 53.6
150.00 1135.00 2.774916 7.244181 -34305.109444 1.060853 3.945685 3.319 54.7675 3.363 13.0468 0.694896 7.31411 0.268742 4.79398 9.58188 3.84811 0.984881 1.33614 53.9
150.00 1130.00 2.245540 5.849300 -27765.405726 0.857435 3.192914 3.320 54.4384 3.87533 12.9364 0.684809 7.11938 0.26977 4.72584 9.69243 3.74986 1.11474 1.39308 54.2
150.00 1125.00 1.807177 4.695473 -22338.063666 0.688526 2.570731 3.301 53.9422 4.46476 12.8226 0.676346 6.95191 0.272739 4.68506 9.8726 3.59283 1.25139 1.46755 54.6
150.00 1120.00 1.442573 3.737084 -17813.400402 0.547673 2.054188 3.256 53.2263 5.16009 12.6932 0.670655 6.82051 0.278306 4.67814 10.1448 3.36893 1.39258 1.56653 55.0
150.00 1115.00 1.137721 2.936990 -14019.688669 0.429555 1.623188 3.170 52.1834 6.01783 12.5231 0.670042 6.74427 0.287835 4.72013 10.5552 3.06065 1.53337 1.70422 55.5
150.00 1110.00 0.878630 2.257993 -10781.378539 0.328669 1.258031 3.004 50.5339 7.18287 12.2458 0.680587 6.77512 0.30496 4.85274 11.2241 2.62052 1.66106 1.91831 56.1
150.00 1105.00 0.355165 0.911005 -4381.135151 0.133781 0.506720 3.164 51.1379 7.21203 12.6447 0.627813 6.17376 0.288882 4.48003 10.8103 2.56426 2.14173 1.91864 56.4

whitlockite thermodynamic data and composition:
Pressure Temperature mass S H V Cp formula
150.00 1165.00 0.068690 0.163927 -818.963418 0.021618 0.072820 Ca3(PO4)2
150.00 1160.00 0.119956 0.285831 -1430.835447 0.037752 0.127119 Ca3(PO4)2
150.00 1155.00 0.179848 0.427874 -2146.172624 0.056601 0.190510 Ca3(PO4)2
150.00 1150.00 0.211465 0.502308 -2524.586821 0.066552 0.223912 Ca3(PO4)2
150.00 1145.00 0.235924 0.559529 -2817.841147 0.074249 0.249710 Ca3(PO4)2
150.00 1140.00 0.255257 0.604426 -3050.104400 0.080334 0.270064 Ca3(PO4)2
150.00 1135.00 0.270802 0.640220 -3237.286475 0.085226 0.286394 Ca3(PO4)2
150.00 1130.00 0.283465 0.669090 -3390.157193 0.089211 0.299662 Ca3(PO4)2
150.00 1125.00 0.293868 0.692538 -3516.133496 0.092486 0.310532 Ca3(PO4)2
150.00 1120.00 0.302441 0.711595 -3620.300462 0.095183 0.319458 Ca3(PO4)2
150.00 1115.00 0.309453 0.726920 -3705.878846 0.097390 0.326729 Ca3(PO4)2
150.00 1110.00 0.314992 0.738730 -3773.865825 0.099133 0.332437 Ca3(PO4)2
150.00 1105.00 0.336933 0.788899 -4038.514259 0.106039 0.355443 Ca3(PO4)2
150.00 1100.00 0.351823 0.822416 -4218.854150 0.110725 0.370994 Ca3(PO4)2
150.00 1095.00 0.351823 0.808988 -4237.286255 0.110725 0.500323 Ca3(PO4)2
150.00 1090.00 0.351823 0.807159 -4239.784141 0.110725 0.498832 Ca3(PO4)2
150.00 1085.00 0.351823 0.805329 -4242.274592 0.110725 0.497349 Ca3(PO4)2
150.00 1080.00 0.351823 0.803497 -4244.757649 0.110725 0.495875 Ca3(PO4)2
150.00 1075.00 0.351823 0.801664 -4247.233352 0.110725 0.494408 Ca3(PO4)2
150.00 1070.00 0.351823 0.799830 -4249.701744 0.110725 0.492950 Ca3(PO4)2
150.00 1065.00 0.351823 0.797994 -4252.162864 0.110725 0.491500 Ca3(PO4)2
150.00 1060.00 0.351823 0.796157 -4254.616753 0.110725 0.490057 Ca3(PO4)2
150.00 1055.00 0.351823 0.794318 -4257.063451 0.110725 0.488623 Ca3(PO4)2
150.00 1050.00 0.351823 0.792478 -4259.502999 0.110725 0.487197 Ca3(PO4)2
150.00 1045.00 0.351823 0.790636 -4261.935434 0.110725 0.485779 Ca3(PO4)2
150.00 1040.00 0.351823 0.788793 -4264.360799 0.110725 0.484368 Ca3(PO4)2
150.00 1035.00 0.351823 0.786948 -4266.779131 0.110725 0.482966 Ca3(PO4)2
150.00 1030.00 0.351823 0.785101 -4269.190470 0.110725 0.481571 Ca3(PO4)2
150.00 1025.00 0.351823 0.783252 -4271.594855 0.110725 0.480184 Ca3(PO4)2
150.00 1020.00 0.351823 0.781402 -4273.992325 0.110725 0.478805 Ca3(PO4)2
150.00 1015.00 0.351823 0.779550 -4276.382917 0.110725 0.477433 Ca3(PO4)2
150.00 1010.00 0.351823 0.777695 -4278.766672 0.110725 0.476070 Ca3(PO4)2
150.00 1005.00 0.351823 0.775839 -4281.143626 0.110725 0.474713 Ca3(PO4)2
150.00 1000.00 0.351823 0.773981 -4283.513818 0.110725 0.473365 Ca3(PO4)2

clinopyroxene_0 thermodynamic data and composition:
Pressure Temperature mass S H V Cp structure formula SiO2 TiO2 Al2O3 Fe2O3 FeO MnO MgO CaO Na2O K2O P2O5
150.00 1155.00 6.787809 16.160204 -83319.057752 2.080642 8.330028 cpx Na0.00Ca0.18Fe''0.45Mg1.32Fe'''0.01Ti0.00Al0.10Si1.95O6 53.602 0.134425 2.28825 0.294012 14.6707 0 24.3184 4.63731 0.0548437 0 0
150.00 1150.00 7.817065 18.572548 -95990.144211 2.395336 9.584483 cpx Na0.00Ca0.19Fe''0.44Mg1.31Fe'''0.01Ti0.00Al0.10Si1.95O6 53.5845 0.158984 2.26074 0.292372 14.6515 0 24.2333 4.76087 0.0578279 0 0
150.00 1145.00 8.532297 20.230407 -104820.219685 2.613652 10.452115 cpx Na0.00Ca0.19Fe''0.44Mg1.31Fe'''0.01Ti0.01Al0.10Si1.95O6 53.562 0.185283 2.24105 0.291164 14.6241 0 24.1483 4.88726 0.0607981 0 0
150.00 1140.00 9.031149 21.369355 -111004.399471 2.765578 11.053424 cpx Na0.00Ca0.20Fe''0.44Mg1.30Fe'''0.01Ti0.01Al0.10Si1.94O6 53.5348 0.213222 2.22861 0.290377 14.5902 0 24.0625 5.01652 0.0637695 0 0
150.00 1135.00 9.372487 22.131477 -115262.483491 2.869193 11.461045 cpx Na0.00Ca0.20Fe''0.44Mg1.30Fe'''0.01Ti0.01Al0.10Si1.94O6 53.5029 0.242654 2.22283 0.289991 14.5508 0 23.975 5.14917 0.0667536 0 0
150.00 1130.00 9.591740 22.602477 -118027.142904 2.935382 11.718716 cpx Na0.00Ca0.21Fe''0.44Mg1.29Fe'''0.01Ti0.01Al0.10Si1.94O6 53.4666 0.273379 2.22313 0.289972 14.5062 0 23.8848 5.28622 0.0697601 0 0
150.00 1125.00 9.709437 22.832319 -119548.511458 2.970462 11.851828 cpx Na0.01Ca0.21Fe''0.44Mg1.29Fe'''0.01Ti0.01Al0.10Si1.94O6 53.4263 0.305114 2.22885 0.290277 14.4565 0 23.791 5.4292 0.0727984 0 0
150.00 1120.00 9.735749 22.846251 -119949.800759 2.977580 11.873051 cpx Na0.01Ca0.22Fe''0.44Mg1.28Fe'''0.01Ti0.01Al0.10Si1.94O6 53.3825 0.337463 2.23925 0.290851 14.4016 0 23.6921 5.58039 0.0758795 0 0
150.00 1115.00 9.671849 22.648221 -119243.728836 2.957129 11.784030 cpx Na0.01Ca0.22Fe''0.44Mg1.28Fe'''0.01Ti0.01Al0.10Si1.94O6 53.3362 0.369816 2.25334 0.291616 14.3404 0 23.5864 5.7432 0.0790182 0 0
150.00 1110.00 9.505695 22.211228 -117280.404350 2.905478 11.570304 cpx Na0.01Ca0.23Fe''0.43Mg1.27Fe'''0.01Ti0.01Al0.10Si1.94O6 53.2889 0.400987 2.26941 0.292442 14.2714 0 23.4713 5.92333 0.0822308 0 0
150.00 1105.00 2.188818 4.984117 -28065.701206 0.672511 2.586692 cpx Na0.02Ca0.75Fe''0.22Mg0.90Fe'''0.01Ti0.04Al0.17Si1.87O6 50.8667 1.5754 3.96224 0.518789 7.29879 0 16.4482 19.0745 0.255416 0 0
150.00 1100.00 2.331912 5.298246 -29927.148032 0.716381 2.753893 cpx Na0.02Ca0.76Fe''0.22Mg0.90Fe'''0.01Ti0.04Al0.17Si1.87O6 50.8451 1.59038 3.97449 0.516582 7.2287 0 16.3873 19.2012 0.256254 0 0
150.00 1095.00 2.386087 5.409374 -30649.797365 0.732896 2.815887 cpx Na0.02Ca0.76Fe''0.22Mg0.90Fe'''0.01Ti0.04Al0.17Si1.87O6 50.8112 1.6124 3.99987 0.515273 7.1563 0 16.3215 19.325 0.25852 0 0
150.00 1090.00 2.439985 5.519375 -31369.618586 0.749320 2.877500 cpx Na0.02Ca0.77Fe''0.22Mg0.89Fe'''0.01Ti0.05Al0.17Si1.87O6 50.7783 1.63394 4.02463 0.51382 7.08691 0 16.2587 19.4429 0.260731 0 0
150.00 1085.00 2.493546 5.628110 -32085.846685 0.765632 2.938659 cpx Na0.02Ca0.77Fe''0.22Mg0.89Fe'''0.01Ti0.05Al0.18Si1.87O6 50.7463 1.65508 4.04889 0.512242 7.02016 0 16.1987 19.5557 0.262896 0 0
150.00 1080.00 2.546721 5.735470 -32797.875712 0.781819 2.999306 cpx Na0.02Ca0.78Fe''0.21Mg0.89Fe'''0.01Ti0.05Al0.18Si1.87O6 50.7151 1.6759 4.07275 0.510552 6.95576 0 16.1411 19.6639 0.265023 0 0
150.00 1075.00 2.599474 5.841372 -33505.222351 0.797868 3.059397 cpx Na0.02Ca0.78Fe''0.21Mg0.88Fe'''0.01Ti0.05Al0.18Si1.87O6 50.6844 1.69649 4.0963 0.508764 6.89346 0 16.0856 19.7679 0.267118 0 0
150.00 1070.00 2.651773 5.945750 -34207.499534 0.813772 3.118893 cpx Na0.02Ca0.78Fe''0.21Mg0.88Fe'''0.01Ti0.05Al0.18Si1.87O6 50.6542 1.7169 4.11961 0.506888 6.83305 0 16.0321 19.8681 0.269187 0 0
150.00 1065.00 2.703595 6.048554 -34904.396944 0.829521 3.177768 cpx Na0.02Ca0.79Fe''0.21Mg0.88Fe'''0.01Ti0.05Al0.18Si1.86O6 50.6243 1.73718 4.14275 0.504934 6.77433 0 15.9804 19.9649 0.271236 0 0
150.00 1060.00 2.754921 6.149745 -35595.666341 0.845111 3.235999 cpx Na0.02Ca0.79Fe''0.21Mg0.87Fe'''0.01Ti0.05Al0.18Si1.86O6 50.5947 1.75741 4.16579 0.50291 6.71716 0 15.9303 20.0584 0.273269 0 0
150.00 1055.00 2.805736 6.249293 -36281.110378 0.860537 3.293567 cpx Na0.02Ca0.80Fe''0.21Mg0.87Fe'''0.01Ti0.05Al0.18Si1.86O6 50.5654 1.77761 4.18877 0.500823 6.66138 0 15.8816 20.1491 0.275291 0 0
150.00 1050.00 2.856029 6.347178 -36960.573915 0.875796 3.350461 cpx Na0.02Ca0.80Fe''0.20Mg0.87Fe'''0.01Ti0.05Al0.18Si1.86O6 50.5361 1.79785 4.21176 0.49868 6.6069 0 15.8343 20.237 0.277305 0 0
150.00 1045.00 2.905792 6.443385 -37633.937242 0.890884 3.406669 cpx Na0.02Ca0.80Fe''0.20Mg0.87Fe'''0.01Ti0.05Al0.18Si1.86O6 50.5069 1.81817 4.2348 0.496486 6.55358 0 15.7883 20.3225 0.279314 0 0
150.00 1040.00 2.955018 6.537905 -38301.110725 0.905801 3.462186 cpx Na0.02Ca0.81Fe''0.20Mg0.86Fe'''0.01Ti0.05Al0.18Si1.86O6 50.4777 1.8386 4.25794 0.494248 6.50135 0 15.7433 20.4055 0.281323 0 0
150.00 1035.00 3.003704 6.630735 -38962.030523 0.920544 3.517005 cpx Na0.02Ca0.81Fe''0.20Mg0.86Fe'''0.01Ti0.05Al0.19Si1.86O6 50.4483 1.8592 4.28122 0.491971 6.4501 0 15.6994 20.4864 0.283333 0 0
150.00 1030.00 3.051847 6.721874 -39616.655180 0.935113 3.571125 cpx Na0.02Ca0.81Fe''0.20Mg0.86Fe'''0.01Ti0.05Al0.19Si1.86O6 50.4188 1.88 4.3047 0.489659 6.39978 0 15.6565 20.5652 0.285348 0 0
150.00 1025.00 3.099447 6.811326 -40264.962884 0.949507 3.624544 cpx Na0.02Ca0.81Fe''0.20Mg0.86Fe'''0.01Ti0.05Al0.19Si1.86O6 50.389 1.90104 4.32842 0.487317 6.35029 0 15.6144 20.6421 0.287371 0 0
150.00 1020.00 3.146504 6.899097 -40906.949259 0.963728 3.677265 cpx Na0.02Ca0.82Fe''0.19Mg0.86Fe'''0.01Ti0.05Al0.19Si1.86O6 50.359 1.92238 4.35243 0.484948 6.30159 0 15.5731 20.7172 0.289404 0 0
150.00 1015.00 3.193020 6.985196 -41542.624154 0.977775 3.729288 cpx Na0.02Ca0.82Fe''0.19Mg0.85Fe'''0.01Ti0.05Al0.19Si1.85O6 50.3286 1.94405 4.37677 0.482558 6.2536 0 15.5325 20.7905 0.29145 0 0
150.00 1010.00 3.238996 7.069633 -42171.994017 0.991648 3.780616 cpx Na0.02Ca0.82Fe''0.19Mg0.85Fe'''0.01Ti0.05Al0.19Si1.85O6 50.2977 1.9661 4.40148 0.480149 6.20629 0 15.4926 20.8622 0.293509 0 0
150.00 1005.00 3.284438 7.152418 -42795.091595 1.005349 3.831252 cpx Na0.02Ca0.83Fe''0.19Mg0.85Fe'''0.01Ti0.06Al0.19Si1.85O6 50.2663 1.98857 4.42662 0.477726 6.15959 0 15.4532 20.9324 0.295585 0 0
150.00 1000.00 3.329349 7.233569 -43411.967875 1.018879 3.881204 cpx Na0.02Ca0.83Fe''0.19Mg0.85Fe'''0.01Ti0.06Al0.19Si1.85O6 50.2343 2.01152 4.45223 0.475292 6.11346 0 15.4144 21.0011 0.297679 0 0

feldspar_0 thermodynamic data and composition:
Pressure Temperature mass S H V Cp formula SiO2 TiO2 Al2O3 Fe2O3 FeO MnO MgO CaO Na2O K2O P2O5
150.00 1175.00 1.110355 2.715662 -15335.174510 0.419417 1.368176 K0.00Na0.32Ca0.67Al1.67Si2.33O8 51.1913 0 31.2534 0 0 0 0 13.8396 3.67697 0.0386794 0
150.00 1170.00 2.532742 6.191875 -34984.319770 0.957901 3.120177 K0.00Na0.34Ca0.66Al1.66Si2.34O8 51.6478 0 30.944 0 0 0 0 13.4778 3.88297 0.0474261 0
150.00 1165.00 3.828024 9.354515 -52881.896722 1.449628 4.714857 K0.00Na0.36Ca0.64Al1.64Si2.36O8 52.1106 0 30.6296 0 0 0 0 13.1105 4.09017 0.059132 0
150.00 1160.00 4.830367 11.797230 -66737.924994 1.831292 5.948162 K0.00Na0.38Ca0.62Al1.62Si2.38O8 52.5307 0 30.3437 0 0 0 0 12.7766 4.27689 0.0720753 0
150.00 1155.00 5.579236 13.629028 -77079.555239 2.119453 6.869814 K0.01Na0.40Ca0.59Al1.59Si2.41O8 53.2403 0 29.8612 0 0 0 0 12.2129 4.59324 0.0922974 0
150.00 1150.00 6.193314 15.119346 -85574.436231 2.355335 7.623957 K0.01Na0.42Ca0.58Al1.58Si2.42O8 53.6502 0 29.5811 0 0 0 0 11.8861 4.77221 0.110355 0
150.00 1145.00 6.691916 16.323503 -92478.221299 2.547387 8.235294 K0.01Na0.43Ca0.56Al1.56Si2.44O8 54.01 0 29.3344 0 0 0 0 11.5987 4.92711 0.129863 0
150.00 1140.00 7.101267 17.305859 -98152.826093 2.705436 8.736177 K0.01Na0.44Ca0.55Al1.55Si2.45O8 54.3252 0 29.1174 0 0 0 0 11.3461 5.06062 0.150767 0
150.00 1135.00 7.439792 18.111750 -102852.415221 2.836400 9.149350 K0.01Na0.45Ca0.54Al1.54Si2.46O8 54.6005 0 28.9269 0 0 0 0 11.1247 5.17486 0.172994 0
150.00 1130.00 7.720981 18.774459 -106763.007710 2.945355 9.491476 K0.01Na0.46Ca0.53Al1.53Si2.47O8 54.8395 0 28.7607 0 0 0 0 10.9318 5.27159 0.196454 0
150.00 1125.00 7.955209 19.319644 -110027.583984 3.036217 9.775376 K0.01Na0.47Ca0.52Al1.52Si2.48O8 55.0454 0 28.6164 0 0 0 0 10.7647 5.35237 0.221052 0
150.00 1120.00 8.151036 19.768521 -112764.086831 3.112229 10.011635 K0.01Na0.47Ca0.51Al1.51Si2.49O8 55.2214 0 28.4921 0 0 0 0 10.6211 5.41863 0.246729 0
150.00 1115.00 8.316498 20.140993 -115083.123829 3.176454 10.210177 K0.02Na0.48Ca0.51Al1.51Si2.49O8 55.3706 0 28.3855 0 0 0 0 10.4984 5.47183 0.273607 0
150.00 1110.00 8.461737 20.462077 -117124.131640 3.232790 10.383490 K0.02Na0.48Ca0.50Al1.50Si2.50O8 55.4979 0 28.2933 0 0 0 0 10.3926 5.51361 0.302603 0
150.00 1105.00 8.756915 21.139224 -121231.605351 3.345680 10.738641 K0.02Na0.48Ca0.50Al1.50Si2.50O8 55.5376 0 28.2509 0 0 0 0 10.3484 5.49091 0.372201 0
150.00 1100.00 8.922573 21.504356 -123539.487618 3.409649 10.934718 K0.03Na0.48Ca0.50Al1.50Si2.50O8 55.6299 0 28.1711 0 0 0 0 10.261 5.48744 0.450543 0
150.00 1095.00 8.917662 21.452856 -123525.764181 3.407367 10.923365 K0.03Na0.48Ca0.49Al1.49Si2.51O8 55.6334 0 28.1687 0 0 0 0 10.2582 5.48891 0.450791 0
150.00 1090.00 8.912682 21.401112 -123510.985199 3.405060 10.911901 K0.03Na0.48Ca0.49Al1.49Si2.51O8 55.637 0 28.1663 0 0 0 0 10.2553 5.49041 0.451043 0
150.00 1085.00 8.907636 21.349130 -123495.186642 3.402730 10.900331 K0.03Na0.48Ca0.49Al1.49Si2.51O8 55.6406 0 28.1637 0 0 0 0 10.2524 5.49195 0.451298 0
150.00 1080.00 8.902524 21.296914 -123478.395659 3.400376 10.888657 K0.03Na0.48Ca0.49Al1.49Si2.51O8 55.6443 0 28.1612 0 0 0 0 10.2494 5.49352 0.451557 0
150.00 1075.00 8.897350 21.244469 -123460.631497 3.398001 10.876879 K0.03Na0.48Ca0.49Al1.49Si2.51O8 55.6481 0 28.1586 0 0 0 0 10.2464 5.49512 0.45182 0
150.00 1070.00 8.892113 21.191798 -123441.906206 3.395603 10.865000 K0.03Na0.48Ca0.49Al1.49Si2.51O8 55.652 0 28.1559 0 0 0 0 10.2433 5.49675 0.452086 0
150.00 1065.00 8.886815 21.138900 -123422.225163 3.393183 10.853019 K0.03Na0.48Ca0.49Al1.49Si2.51O8 55.6559 0 28.1532 0 0 0 0 10.2401 5.49842 0.452356 0
150.00 1060.00 8.881455 21.085777 -123401.587465 3.390742 10.840937 K0.03Na0.48Ca0.49Al1.49Si2.51O8 55.66 0 28.1504 0 0 0 0 10.2369 5.50012 0.452629 0
150.00 1055.00 8.876032 21.032427 -123379.986194 3.388279 10.828753 K0.03Na0.48Ca0.49Al1.49Si2.51O8 55.6641 0 28.1476 0 0 0 0 10.2336 5.50185 0.452905 0
150.00 1050.00 8.870547 20.978850 -123357.408594 3.385793 10.816465 K0.03Na0.48Ca0.49Al1.49Si2.51O8 55.6682 0 28.1447 0 0 0 0 10.2303 5.50361 0.453185 0
150.00 1045.00 8.864997 20.925042 -123333.836144 3.383284 10.804072 K0.03Na0.48Ca0.49Al1.49Si2.51O8 55.6725 0 28.1418 0 0 0 0 10.2269 5.5054 0.453469 0
150.00 1040.00 8.859382 20.871000 -123309.244560 3.380753 10.791572 K0.03Na0.48Ca0.49Al1.49Si2.51O8 55.6768 0 28.1388 0 0 0 0 10.2234 5.50723 0.453756 0
150.00 1035.00 8.853699 20.816719 -123283.603711 3.378197 10.778962 K0.03Na0.48Ca0.49Al1.49Si2.51O8 55.6812 0 28.1358 0 0 0 0 10.2199 5.50909 0.454048 0
150.00 1030.00 8.847945 20.762194 -123256.877455 3.375616 10.766239 K0.03Na0.48Ca0.49Al1.49Si2.51O8 55.6856 0 28.1327 0 0 0 0 10.2163 5.51099 0.454343 0
150.00 1025.00 8.842118 20.707419 -123229.023399 3.373009 10.753400 K0.03Na0.48Ca0.49Al1.49Si2.51O8 55.6902 0 28.1296 0 0 0 0 10.2126 5.51292 0.454642 0
150.00 1020.00 8.836214 20.652386 -123199.992564 3.370375 10.740439 K0.03Na0.48Ca0.49Al1.49Si2.51O8 55.6949 0 28.1264 0 0 0 0 10.2089 5.51489 0.454946 0
150.00 1015.00 8.830229 20.597003 -123169.838622 3.367708 10.792685 K0.03Na0.48Ca0.49Al1.49Si2.51O8 55.6996 0 28.1231 0 0 0 0 10.2051 5.5169 0.455254 0
150.00 1010.00 8.824161 20.541176 -123138.626123 3.365005 10.779717 K0.03Na0.48Ca0.49Al1.49Si2.51O8 55.7044 0 28.1198 0 0 0 0 10.2013 5.51895 0.455567 0
150.00 1005.00 8.818005 20.485066 -123106.072138 3.362271 10.766623 K0.03Na0.48Ca0.49Al1.49Si2.51O8 55.7094 0 28.1164 0 0 0 0 10.1973 5.52105 0.455885 0
150.00 1000.00 8.811755 20.428660 -123072.097341 3.359503 10.753398 K0.03Na0.48Ca0.49Al1.49Si2.51O8 55.7144 0 28.1129 0 0 0 0 10.1933 5.52319 0.456209 0

orthopyroxene_0 thermodynamic data and composition:
Pressure Temperature mass S H V Cp structure formula SiO2 TiO2 Al2O3 Fe2O3 FeO MnO MgO CaO Na2O K2O P2O5
150.00 1385.00 0.806037 2.091109 -10202.332428 0.254233 1.049471 opx Na0.00Ca0.02Fe''0.28Mg1.68Fe'''0.00Ti0.00Al0.03Si1.98O6 56.7021 0.0053328 0.762131 0.147052 9.64875 0 32.3168 0.413321 0.00450971 0 0
150.00 1380.00 1.625988 4.210943 -20565.495457 0.512455 2.114903 opx Na0.00Ca0.02Fe''0.29Mg1.68Fe'''0.00Ti0.00Al0.03Si1.98O6 56.6486 0.00558944 0.782571 0.149823 9.78793 0 32.1899 0.430949 0.00466683 0 0
150.00 1375.00 2.411480 6.234246 -30477.892304 0.759423 3.133389 opx Na0.00Ca0.02Fe''0.29Mg1.67Fe'''0.00Ti0.00Al0.03Si1.98O6 56.595 0.0058555 0.803244 0.152566 9.92637 0 32.0628 0.449297 0.00482804 0 0
150.00 1370.00 3.164675 8.167050 -39967.969382 0.995845 4.107870 opx Na0.00Ca0.02Fe''0.29Mg1.67Fe'''0.00Ti0.00Al0.03Si1.98O6 56.5414 0.00613141 0.824154 0.155279 10.0639 0 31.9357 0.468396 0.00499348 0 0
150.00 1365.00 3.887623 10.015061 -49062.713482 1.222392 5.041135 opx Na0.00Ca0.02Fe''0.30Mg1.66Fe'''0.00Ti0.00Al0.03Si1.98O6 56.4879 0.0064176 0.845305 0.157959 10.2005 0 31.8085 0.488281 0.00516331 0 0
150.00 1360.00 4.582273 11.783699 -57787.820385 1.439701 5.935835 opx Na0.00Ca0.02Fe''0.30Mg1.66Fe'''0.00Ti0.00Al0.04Si1.98O6 56.4343 0.00671454 0.866701 0.160602 10.3358 0 31.6815 0.508984 0.00533768 0 0
150.00 1355.00 5.250487 13.478122 -66167.837873 1.648382 6.794500 opx Na0.00Ca0.02Fe''0.31Mg1.65Fe'''0.00Ti0.00Al0.04Si1.98O6 56.3809 0.00702274 0.888346 0.163207 10.4698 0 31.5547 0.530542 0.00551678 0 0
150.00 1350.00 5.894049 15.103257 -74226.283941 1.849017 7.619547 opx Na0.00Ca0.02Fe''0.31Mg1.65Fe'''0.00Ti0.00Al0.04Si1.98O6 56.3275 0.00734274 0.910247 0.165769 10.6024 0 31.4281 0.552987 0.0057008 0 0
150.00 1345.00 6.514671 16.663817 -81985.740975 2.042165 8.413295 opx Na0.00Ca0.02Fe''0.32Mg1.64Fe'''0.00Ti0.00Al0.04Si1.98O6 56.2743 0.00767509 0.932409 0.168286 10.7332 0 31.3019 0.576356 0.00588992 0 0
150.00 1340.00 7.113999 18.164317 -89467.926847 2.228362 9.177970 opx Na0.00Ca0.02Fe''0.32Mg1.64Fe'''0.00Ti0.00Al0.04Si1.98O6 56.2213 0.00802039 0.954838 0.170754 10.8622 0 31.1761 0.600682 0.00608437 0 0
150.00 1335.00 7.693615 19.609085 -96693.744136 2.408124 9.915709 opx Na0.00Ca0.02Fe''0.32Mg1.63Fe'''0.00Ti0.00Al0.04Si1.98O6 56.1685 0.00837927 0.977541 0.173171 10.9892 0 31.0509 0.626 0.00628436 0 0
150.00 1330.00 8.255045 21.002272 -103683.309175 2.581947 10.628567 opx Na0.00Ca0.02Fe''0.33Mg1.62Fe'''0.00Ti0.00Al0.04Si1.98O6 56.1159 0.00875237 1.00053 0.175535 11.1141 0 30.9263 0.652343 0.00649013 0 0
150.00 1325.00 8.799753 22.347849 -110455.963091 2.750307 11.318515 opx Na0.00Ca0.03Fe''0.33Mg1.62Fe'''0.00Ti0.00Al0.04Si1.98O6 56.0637 0.00914038 1.0238 0.177842 11.2366 0 30.8025 0.679743 0.00670191 0 0
150.00 1320.00 9.329144 23.649614 -117030.267588 2.913659 11.987440 opx Na0.00Ca0.03Fe''0.34Mg1.61Fe'''0.00Ti0.00Al0.04Si1.98O6 56.0117 0.009544 1.04737 0.180089 11.3566 0 30.6795 0.708232 0.00691999 0 0
150.00 1315.00 9.844565 24.911187 -123423.988716 3.072442 12.637145 opx Na0.00Ca0.03Fe''0.34Mg1.61Fe'''0.00Ti0.00Al0.04Si1.98O6 55.9601 0.00996397 1.07125 0.182275 11.474 0 30.5574 0.737841 0.00714462 0 0
150.00 1310.00 10.347299 26.136006 -129654.072250 3.227069 13.269349 opx Na0.00Ca0.03Fe''0.34Mg1.60Fe'''0.00Ti0.00Al0.05Si1.97O6 55.9089 0.010401 1.09544 0.184397 11.5887 0 30.4362 0.768597 0.00737608 0 0
150.00 1305.00 10.838563 27.327323 -135736.614539 3.377936 13.885677 opx Na0.00Ca0.03Fe''0.35Mg1.60Fe'''0.00Ti0.00Al0.05Si1.97O6 55.8581 0.010856 1.11996 0.186454 11.7004 0 30.3161 0.800528 0.00761468 0 0
150.00 1300.00 11.319510 28.488201 -141686.832658 3.525415 14.487666 opx Na0.00Ca0.03Fe''0.35Mg1.59Fe'''0.01Ti0.00Al0.05Si1.97O6 55.8077 0.0113296 1.14481 0.188443 11.8092 0 30.1971 0.83366 0.00786073 0 0
150.00 1295.00 11.791224 29.621507 -147519.037454 3.669855 15.076757 opx Na0.00Ca0.03Fe''0.35Mg1.59Fe'''0.01Ti0.00Al0.05Si1.97O6 55.7577 0.0118227 1.17 0.190363 11.9148 0 30.0792 0.868016 0.00811454 0 0
150.00 1290.00 12.254716 30.729912 -153246.612578 3.811583 15.654294 opx Na0.00Ca0.03Fe''0.36Mg1.58Fe'''0.01Ti0.00Al0.05Si1.97O6 55.7082 0.0123362 1.19555 0.192214 12.0172 0 29.9625 0.903619 0.00837645 0 0
150.00 1285.00 12.710929 31.815889 -158882.001945 3.950903 16.221524 opx Na0.00Ca0.04Fe''0.36Mg1.58Fe'''0.01Ti0.00Al0.05Si1.97O6 55.6591 0.0128709 1.22146 0.193994 12.1165 0 29.847 0.94049 0.00864679 0 0
150.00 1280.00 13.160731 32.881714 -164436.707233 4.088095 16.779599 opx Na0.00Ca0.04Fe''0.36Mg1.57Fe'''0.01Ti0.00Al0.05Si1.97O6 55.6105 0.0134278 1.24774 0.195704 12.2124 0 29.7327 0.978646 0.00892593 0 0
150.00 1275.00 13.604921 33.929467 -169921.296185 4.223415 17.329573 opx Na0.00Ca0.04Fe''0.36Mg1.57Fe'''0.01Ti0.00Al0.05Si1.97O6 55.5623 0.0140078 1.27441 0.197341 12.305 0 29.6196 1.01811 0.00921423 0 0
150.00 1270.00 14.044229 34.961041 -175345.421664 4.357099 17.872405 opx Na0.00Ca0.04Fe''0.37Mg1.56Fe'''0.01Ti0.00Al0.05Si1.97O6 55.5146 0.0146119 1.30148 0.198908 12.3942 0 29.5078 1.05889 0.00951207 0 0
150.00 1265.00 14.479314 35.978146 -180717.850686 4.489359 18.408965 opx Na0.00Ca0.04Fe''0.37Mg1.56Fe'''0.01Ti0.00Al0.06Si1.97O6 55.4673 0.0152411 1.32895 0.200404 12.4801 0 29.3971 1.101 0.00981984 0 0
150.00 1260.00 14.910775 36.982319 -186046.502039 4.620387 18.940036 opx Na0.00Ca0.04Fe''0.37Mg1.55Fe'''0.01Ti0.00Al0.06Si1.97O6 55.4205 0.0158965 1.35684 0.201829 12.5627 0 29.2876 1.14446 0.0101379 0 0
150.00 1255.00 15.339147 37.974931 -191338.490752 4.750355 19.466320 opx Na0.00Ca0.05Fe''0.38Mg1.55Fe'''0.01Ti0.00Al0.06Si1.97O6 55.374 0.0165794 1.38517 0.203184 12.642 0 29.1792 1.18928 0.0104668 0 0
150.00 1250.00 15.764907 38.957203 -196600.177414 4.879416 19.988439 opx Na0.00Ca0.05Fe''0.38Mg1.54Fe'''0.01Ti0.00Al0.06Si1.97O6 55.328 0.0172908 1.41393 0.204471 12.7181 0 29.072 1.23547 0.0108069 0 0
150.00 1245.00 16.188480 39.930211 -201837.220292 5.007707 20.506946 opx Na0.00Ca0.05Fe''0.38Mg1.54Fe'''0.01Ti0.00Al0.06Si1.97O6 55.2823 0.0180322 1.44315 0.205691 12.7909 0 28.9658 1.28304 0.0111585 0 0
150.00 1240.00 16.610242 40.894902 -207054.628310 5.135348 21.022328 opx Na0.00Ca0.05Fe''0.38Mg1.53Fe'''0.01Ti0.00Al0.06Si1.97O6 55.237 0.0188048 1.47285 0.206845 12.8605 0 28.8605 1.332 0.0115223 0 0
150.00 1235.00 17.030522 41.852102 -212256.813098 5.262446 21.535012 opx Na0.00Ca0.05Fe''0.39Mg1.53Fe'''0.01Ti0.00Al0.06Si1.97O6 55.1919 0.0196104 1.50302 0.207934 12.927 0 28.7562 1.38235 0.0118987 0 0
150.00 1230.00 17.449607 42.802528 -217447.638628 5.389091 22.045366 opx Na0.00Ca0.05Fe''0.39Mg1.52Fe'''0.01Ti0.00Al0.06Si1.96O6 55.1472 0.0204504 1.5337 0.20896 12.9905 0 28.6528 1.43409 0.0122881 0 0
150.00 1225.00 17.867746 43.746795 -222630.467195 5.515366 22.553711 opx Na0.00Ca0.06Fe''0.39Mg1.52Fe'''0.01Ti0.00Al0.07Si1.96O6 55.1027 0.0213266 1.5649 0.209926 13.051 0 28.5503 1.48723 0.0126911 0 0
150.00 1220.00 18.285153 44.685429 -227808.200870 5.641337 23.060320 opx Na0.00Ca0.06Fe''0.39Mg1.51Fe'''0.01Ti0.00Al0.07Si1.96O6 55.0584 0.022241 1.59663 0.210832 13.1086 0 28.4484 1.54177 0.0131083 0 0
150.00 1215.00 18.702010 45.618869 -232983.317780 5.767064 23.565423 opx Na0.00Ca0.06Fe''0.39Mg1.51Fe'''0.01Ti0.00Al0.07Si1.96O6 55.0143 0.0231957 1.62892 0.211682 13.1633 0 28.3473 1.5977 0.0135402 0 0
150.00 1210.00 19.118466 46.547478 -238157.902908 5.892596 24.069212 opx Na0.00Ca0.06Fe''0.39Mg1.50Fe'''0.01Ti0.00Al0.07Si1.96O6 54.9704 0.0241928 1.66178 0.212476 13.2153 0 28.2468 1.65501 0.0139873 0 0
150.00 1205.00 19.534702 47.471684 -243334.379544 6.017989 24.571910 opx Na0.00Ca0.07Fe''0.40Mg1.50Fe'''0.01Ti0.00Al0.07Si1.96O6 54.9266 0.0252349 1.69523 0.213218 13.2646 0 28.147 1.71369 0.0144502 0 0
150.00 1200.00 19.951409 48.393154 -248521.545472 6.143458 25.074386 opx Na0.00Ca0.07Fe''0.40Mg1.49Fe'''0.01Ti0.00Al0.07Si1.96O6 54.8829 0.0263251 1.72933 0.213911 13.3113 0 28.0476 1.77374 0.0149301 0 0
150.00 1195.00 20.368790 49.312359 -253722.089504 6.269067 25.576888 opx Na0.00Ca0.07Fe''0.40Mg1.49Fe'''0.01Ti0.00Al0.07Si1.96O6 54.8392 0.0274664 1.7641 0.214558 13.3554 0 27.9487 1.83513 0.0154275 0 0
150.00 1190.00 20.786855 50.229301 -258936.317239 6.394819 26.079428 opx Na0.00Ca0.07Fe''0.40Mg1.48Fe'''0.01Ti0.00Al0.08Si1.96O6 54.7955 0.028662 1.79956 0.215161 13.397 0 27.8503 1.89785 0.0159433 0 0
150.00 1185.00 21.205592 51.143927 -264164.231361 6.520713 26.581985 opx Na0.00Ca0.08Fe''0.40Mg1.48Fe'''0.01Ti0.00Al0.08Si1.96O6 54.7519 0.0299154 1.83574 0.215722 13.4362 0 27.7522 1.96185 0.0164781 0 0
150.00 1180.00 21.624964 52.056125 -269405.531935 6.646736 27.084510 opx Na0.00Ca0.08Fe''0.40Mg1.48Fe'''0.01Ti0.00Al0.08Si1.96O6 54.7081 0.0312304 1.87267 0.216244 13.4731 0 27.6545 2.02708 0.0170326 0 0
150.00 1175.00 22.991929 55.231334 -286281.550814 7.063182 28.764126 opx Na0.00Ca0.08Fe''0.41Mg1.47Fe'''0.01Ti0.00Al0.08Si1.96O6 54.6949 0.0346434 1.82703 0.212702 13.5693 0 27.5273 2.11623 0.0178087 0 0
150.00 1170.00 24.497600 58.722455 -304836.802348 7.522058 30.612098 opx Na0.00Ca0.09Fe''0.41Mg1.46Fe'''0.01Ti0.00Al0.07Si1.96O6 54.7013 0.0394409 1.74302 0.207009 13.6729 0 27.4029 2.21477 0.0186557 0 0
150.00 1165.00 25.869848 61.879455 -321754.774607 7.940072 32.289510 opx Na0.00Ca0.09Fe''0.41Mg1.46Fe'''0.01Ti0.00Al0.07Si1.96O6 54.7093 0.0458833 1.65802 0.200988 13.7563 0 27.2784 2.33152 0.0195678 0 0
150.00 1160.00 26.891464 64.188916 -334375.850527 8.250709 33.529868 opx Na0.00Ca0.09Fe''0.41Mg1.45Fe'''0.01Ti0.00Al0.07Si1.96O6 54.7162 0.0528771 1.5865 0.195548 13.8156 0 27.1739 2.43897 0.0204215 0 0
150.00 1155.00 21.688669 51.681037 -269811.627346 6.651887 27.039254 opx Na0.00Ca0.09Fe''0.42Mg1.46Fe'''0.01Ti0.00Al0.07Si1.96O6 54.7088 0.0694194 1.59981 0.196304 13.8402 0 27.2525 2.31149 0.0213891 0 0
150.00 1150.00 21.351586 50.779143 -265654.554913 6.546357 26.601450 opx Na0.00Ca0.09Fe''0.42Mg1.46Fe'''0.01Ti0.00Al0.07Si1.96O6 54.7085 0.0807738 1.56679 0.193457 13.8728 0 27.2219 2.33372 0.0221372 0 0
150.00 1145.00 21.169880 50.249786 -263446.239418 6.488593 26.358487 opx Na0.00Ca0.09Fe''0.42Mg1.45Fe'''0.01Ti0.00Al0.07Si1.96O6 54.7062 0.0926633 1.53952 0.190936 13.8991 0 27.1965 2.35228 0.0228189 0 0
150.00 1140.00 21.093219 49.971402 -262556.962370 6.463094 26.247175 opx Na0.00Ca0.09Fe''0.42Mg1.45Fe'''0.01Ti0.00Al0.06Si1.96O6 54.702 0.105018 1.51747 0.188726 13.9208 0 27.1754 2.36718 0.0234398 0 0
150.00 1135.00 21.093658 49.876330 -262636.641517 6.461246 26.232381 opx Na0.00Ca0.09Fe''0.42Mg1.45Fe'''0.01Ti0.00Al0.06Si1.96O6 54.6959 0.117746 1.50009 0.186802 13.939 0 27.1578 2.3786 0.0240031 0 0
150.00 1130.00 21.156407 49.928505 -263499.633515 6.478488 26.295444 opx Na0.00Ca0.09Fe''0.42Mg1.45Fe'''0.01Ti0.00Al0.06Si1.96O6 54.6881 0.130722 1.48685 0.185128 13.9549 0 27.143 2.38681 0.0245106 0 0
150.00 1125.00 21.274881 50.111459 -265062.784047 6.512778 26.427960 opx Na0.00Ca0.09Fe''0.42Mg1.45Fe'''0.00Ti0.00Al0.06Si1.96O6 54.6788 0.14378 1.47718 0.183665 13.9691 0 27.1303 2.39216 0.0249624 0 0
150.00 1120.00 21.448324 50.422563 -267315.841613 6.563868 26.628792 opx Na0.00Ca0.09Fe''0.42Mg1.45Fe'''0.00Ti0.00Al0.06Si1.96O6 54.6684 0.15669 1.47042 0.182362 13.9823 0 27.1193 2.39515 0.0253581 0 0
150.00 1115.00 21.681867 50.872995 -270321.948329 6.633316 26.904112 opx Na0.00Ca0.09Fe''0.42Mg1.45Fe'''0.00Ti0.00Al0.06Si1.96O6 54.6575 0.169108 1.46574 0.181148 13.9951 0 27.1093 2.39643 0.0256956 0 0
150.00 1110.00 21.991935 51.500236 -274284.710108 6.726143 27.274055 opx Na0.00Ca0.09Fe''0.42Mg1.45Fe'''0.00Ti0.00Al0.06Si1.96O6 54.6471 0.180396 1.4618 0.179911 14.0084 0 27.0993 2.39712 0.0259695 0 0
150.00 1105.00 29.464996 68.853659 -367251.034492 9.005050 36.508234 opx Na0.00Ca0.09Fe''0.42Mg1.45Fe'''0.00Ti0.00Al0.06Si1.96O6 54.6072 0.1844 1.47074 0.180596 14.1414 0 27.021 2.369 0.0256836 0 0
150.00 1100.00 29.539999 68.894537 -368320.774681 9.025607 36.584557 opx Na0.00Ca0.09Fe''0.43Mg1.45Fe'''0.00Ti0.00Al0.06Si1.96O6 54.6118 0.182344 1.46455 0.178478 14.1629 0 27.0271 2.34746 0.0254002 0 0
150.00 1095.00 29.495579 68.657072 -367912.421169 9.009676 36.513406 opx Na0.00Ca0.09Fe''0.43Mg1.45Fe'''0.00Ti0.00Al0.06Si1.96O6 54.6142 0.180985 1.46282 0.176658 14.1814 0 27.0354 2.32332 0.0252551 0 0
150.00 1090.00 29.451553 68.420481 -367508.288582 8.993872 36.442683 opx Na0.00Ca0.09Fe''0.43Mg1.45Fe'''0.00Ti0.00Al0.06Si1.96O6 54.6165 0.179634 1.46115 0.174848 14.2 0 27.0436 2.29915 0.0251104 0 0
150.00 1085.00 29.407980 68.184889 -367109.087018 8.978213 36.372457 opx Na0.00Ca0.09Fe''0.43Mg1.45Fe'''0.00Ti0.00Al0.06Si1.96O6 54.6188 0.178291 1.45952 0.173048 14.2186 0 27.0518 2.27495 0.0249661 0 0
150.00 1080.00 29.364903 67.950393 -366715.380725 8.962713 36.302779 opx Na0.00Ca0.09Fe''0.43Mg1.45Fe'''0.00Ti0.00Al0.06Si1.96O6 54.6211 0.176955 1.45794 0.171258 14.2373 0 27.0599 2.25074 0.0248223 0 0
150.00 1075.00 29.322360 67.717068 -366327.623557 8.947382 36.233694 opx Na0.00Ca0.09Fe''0.43Mg1.45Fe'''0.00Ti0.00Al0.06Si1.96O6 54.6233 0.175624 1.4564 0.169476 14.2561 0 27.068 2.22653 0.024679 0 0
150.00 1070.00 29.280380 67.484973 -365946.184585 8.932228 36.165234 opx Na0.00Ca0.08Fe''0.43Mg1.45Fe'''0.00Ti0.00Al0.06Si1.96O6 54.6254 0.1743 1.45491 0.167704 14.2749 0 27.0759 2.20232 0.0245362 0 0
150.00 1065.00 29.238987 67.254154 -365571.367007 8.917261 36.097428 opx Na0.00Ca0.08Fe''0.43Mg1.45Fe'''0.00Ti0.00Al0.06Si1.96O6 54.6275 0.17298 1.45346 0.16594 14.2938 0 27.0838 2.17814 0.0243939 0 0
150.00 1060.00 29.198200 67.024647 -365203.422384 8.902484 36.030296 opx Na0.00Ca0.08Fe''0.43Mg1.45Fe'''0.00Ti0.00Al0.06Si1.96O6 54.6295 0.171665 1.45204 0.164185 14.3127 0 27.0917 2.15398 0.0242522 0 0
150.00 1055.00 29.158037 66.796480 -364842.561560 8.887905 35.963858 opx Na0.00Ca0.08Fe''0.43Mg1.45Fe'''0.00Ti0.00Al0.06Si1.96O6 54.6315 0.170354 1.45066 0.162438 14.3317 0 27.0994 2.12986 0.024111 0 0
150.00 1050.00 29.118512 66.569676 -364488.963190 8.873525 35.898128 opx Na0.00Ca0.08Fe''0.43Mg1.45Fe'''0.00Ti0.00Al0.06Si1.96O6 54.6334 0.169047 1.44932 0.1607 14.3508 0 27.107 2.10579 0.0239703 0 0
150.00 1045.00 29.079637 66.344251 -364142.780510 8.859350 35.833119 opx Na0.00Ca0.08Fe''0.43Mg1.45Fe'''0.00Ti0.00Al0.06Si1.96O6 54.6353 0.167743 1.44801 0.15897 14.3699 0 27.1145 2.08177 0.0238303 0 0
150.00 1040.00 29.041422 66.120219 -363804.146806 8.845382 35.768841 opx Na0.00Ca0.08Fe''0.43Mg1.45Fe'''0.00Ti0.00Al0.06Si1.96O6 54.6371 0.166441 1.44673 0.157247 14.3891 0 27.1219 2.0578 0.0236908 0 0
150.00 1035.00 29.003877 65.897590 -363473.179932 8.831623 35.705304 opx Na0.00Ca0.08Fe''0.43Mg1.45Fe'''0.00Ti0.00Al0.06Si1.96O6 54.6389 0.165142 1.44548 0.155533 14.4083 0 27.1291 2.03391 0.0235519 0 0
150.00 1030.00 28.967011 65.676372 -363149.986092 8.818076 35.642515 opx Na0.00Ca0.08Fe''0.43Mg1.45Fe'''0.00Ti0.00Al0.06Si1.96O6 54.6406 0.163845 1.44426 0.153826 14.4277 0 27.1363 2.01008 0.0234137 0 0
150.00 1025.00 28.930830 65.456572 -362834.663096 8.804744 35.580482 opx Na0.00Ca0.08Fe''0.43Mg1.45Fe'''0.00Ti0.00Al0.06Si1.96O6 54.6423 0.162549 1.44307 0.152126 14.447 0 27.1433 1.98633 0.0232761 0 0
150.00 1020.00 28.895342 65.238194 -362527.303228 8.791628 35.519210 opx Na0.00Ca0.08Fe''0.43Mg1.45Fe'''0.00Ti0.00Al0.06Si1.96O6 54.6439 0.161255 1.4419 0.150435 14.4665 0 27.1502 1.96267 0.0231392 0 0
150.00 1015.00 28.860555 65.021243 -362227.995091 8.778730 35.458707 opx Na0.00Ca0.07Fe''0.44Mg1.46Fe'''0.00Ti0.00Al0.06Si1.96O6 54.6455 0.159962 1.44076 0.14875 14.4861 0 27.1569 1.93909 0.0230029 0 0
150.00 1010.00 28.826475 64.805722 -361936.817186 8.766052 35.398977 opx Na0.00Ca0.07Fe''0.44Mg1.46Fe'''0.00Ti0.00Al0.06Si1.96O6 54.647 0.15867 1.43965 0.147074 14.5057 0 27.1635 1.9156 0.0228672 0 0
150.00 1005.00 28.793109 64.591634 -361653.855295 8.753596 35.340026 opx Na0.00Ca0.07Fe''0.44Mg1.46Fe'''0.00Ti0.00Al0.06Si1.96O6 54.6484 0.157378 1.43855 0.145404 14.5254 0 27.1699 1.89222 0.022732 0 0
150.00 1000.00 28.760464 64.378983 -361379.202108 8.741363 35.281861 opx Na0.00Ca0.07Fe''0.44Mg1.46Fe'''0.00Ti0.00Al0.06Si1.96O6 54.6498 0.156085 1.43748 0.143741 14.5452 0 27.1762 1.86893 0.0225974 0 0

olivine_0 thermodynamic data and composition:
Pressure Temperature mass S H V Cp formula SiO2 TiO2 Al2O3 Fe2O3 FeO MnO MgO CaO Na2O K2O P2O5
150.00 1630.00 1.100646 3.071346 -13995.751404 0.355803 1.467404 (Ca0.00Mg0.93Fe''0.07Mn0.00Co0.00Ni0.00)2SiO4 41.3896 0 0 0 6.69397 0.291459 51.5622 0.062774 0 0 0
150.00 1625.00 2.729192 7.604820 -34678.719336 0.881520 3.635398 (Ca0.00Mg0.93Fe''0.07Mn0.00Co0.00Ni0.00)2SiO4 41.3621 0 0 0 6.83427 0.297225 51.4425 0.0639279 0 0 0
150.00 1620.00 4.310712 11.994291 -54733.330058 1.391173 5.736927 (Ca0.00Mg0.93Fe''0.07Mn0.00Co0.00Ni0.00)2SiO4 41.3343 0 0 0 6.97617 0.302958 51.3215 0.0650927 0 0 0
150.00 1615.00 5.847865 16.247645 -74193.760195 1.885647 7.775650 (Ca0.00Mg0.92Fe''0.07Mn0.00Co0.00Ni0.00)2SiO4 41.3062 0 0 0 7.1197 0.308657 51.1992 0.0662689 0 0 0
150.00 1610.00 7.343130 20.372235 -93091.867691 2.365770 9.754977 (Ca0.00Mg0.92Fe''0.07Mn0.00Co0.00Ni0.00)2SiO4 41.2778 0 0 0 7.2649 0.31432 51.0755 0.0674572 0 0 0
150.00 1605.00 8.798827 24.374932 -111457.391108 2.832314 11.678093 (Ca0.00Mg0.92Fe''0.08Mn0.00Co0.00Ni0.00)2SiO4 41.2491 0 0 0 7.41178 0.319945 50.9506 0.0686581 0 0 0
150.00 1600.00 10.217126 28.262160 -129318.128591 3.286003 13.547977 (Ca0.00Mg0.92Fe''0.08Mn0.00Co0.00Ni0.00)2SiO4 41.22 0 0 0 7.56039 0.325531 50.8242 0.0698723 0 0 0
150.00 1595.00 11.600062 32.039934 -146700.098857 3.727512 15.367421 (Ca0.00Mg0.92Fe''0.08Mn0.00Co0.00Ni0.00)2SiO4 41.1907 0 0 0 7.71075 0.331076 50.6964 0.0711005 0 0 0
150.00 1590.00 12.949546 35.713899 -163627.686244 4.157478 17.139041 (Ca0.00Mg0.92Fe''0.08Mn0.00Co0.00Ni0.00)2SiO4 41.161 0 0 0 7.86289 0.336578 50.5672 0.0723433 0 0 0
150.00 1585.00 14.267373 39.289351 -180123.771591 4.576496 18.865293 (Ca0.00Mg0.91Fe''0.08Mn0.00Co0.00Ni0.00)2SiO4 41.131 0 0 0 8.01685 0.342037 50.4366 0.0736014 0 0 0
150.00 1580.00 15.555236 42.771271 -196209.850515 4.985127 20.548490 (Ca0.00Mg0.91Fe''0.08Mn0.00Co0.00Ni0.00)2SiO4 41.1006 0 0 0 8.17266 0.34745 50.3044 0.0748757 0 0 0
150.00 1575.00 16.814727 46.164348 -211906.140396 5.383899 22.190804 (Ca0.00Mg0.91Fe''0.08Mn0.00Co0.00Ni0.00)2SiO4 41.0699 0 0 0 8.33034 0.352816 50.1708 0.0761668 0 0 0
150.00 1570.00 18.047350 49.472999 -227231.677282 5.773308 23.794287 (Ca0.00Mg0.91Fe''0.09Mn0.00Co0.00Ni0.00)2SiO4 41.0388 0 0 0 8.48992 0.358134 50.0356 0.0774758 0 0 0
150.00 1565.00 19.254526 52.701389 -242204.403721 6.153825 25.360870 (Ca0.00Mg0.91Fe''0.09Mn0.00Co0.00Ni0.00)2SiO4 41.0074 0 0 0 8.65144 0.363402 49.8989 0.0788034 0 0 0
150.00 1560.00 20.437600 55.853456 -256841.248428 6.525893 26.892379 (Ca0.00Mg0.91Fe''0.09Mn0.00Co0.00Ni0.00)2SiO4 40.9756 0 0 0 8.81492 0.368619 49.7607 0.0801505 0 0 0
150.00 1555.00 21.597844 58.932916 -271158.198571 6.889929 28.390542 (Ca0.00Mg0.90Fe''0.09Mn0.00Co0.00Ni0.00)2SiO4 40.9435 0 0 0 8.98039 0.373783 49.6208 0.0815183 0 0 0
150.00 1550.00 22.736464 61.943289 -285170.365367 7.246333 29.856990 (Ca0.00Mg0.90Fe''0.09Mn0.00Co0.00Ni0.00)2SiO4 40.911 0 0 0 9.14789 0.378893 49.4793 0.0829077 0 0 0
150.00 1545.00 23.854604 64.887907 -298892.043592 7.595477 31.293271 (Ca0.00Mg0.90Fe''0.10Mn0.00Co0.00Ni0.00)2SiO4 40.8781 0 0 0 9.31742 0.383947 49.3362 0.0843198 0 0 0
150.00 1540.00 24.953352 67.769924 -312336.765523 7.937720 32.700849 (Ca0.00Mg0.90Fe''0.10Mn0.00Co0.00Ni0.00)2SiO4 40.8448 0 0 0 9.48903 0.388944 49.1914 0.0857557 0 0 0
150.00 1535.00 26.033741 70.592334 -325517.349778 8.273399 34.081116 (Ca0.00Mg0.90Fe''0.10Mn0.00Co0.00Ni0.00)2SiO4 40.8112 0 0 0 9.66274 0.393883 49.045 0.0872167 0 0 0
150.00 1530.00 27.096751 73.357976 -338445.945446 8.602833 35.435389 (Ca0.00Mg0.89Fe''0.10Mn0.00Co0.00Ni0.00)2SiO4 40.7771 0 0 0 9.83856 0.398761 48.8968 0.0887041 0 0 0
150.00 1525.00 28.143318 76.069544 -351134.071851 8.926329 36.764922 (Ca0.00Mg0.89Fe''0.10Mn0.00Co0.00Ni0.00)2SiO4 40.7427 0 0 0 10.0165 0.403579 48.747 0.0902191 0 0 0
150.00 1520.00 29.174330 78.729595 -363592.654240 9.244173 38.070902 (Ca0.00Mg0.89Fe''0.10Mn0.00Co0.00Ni0.00)2SiO4 40.7079 0 0 0 10.1966 0.408333 48.5954 0.0917632 0 0 0
150.00 1515.00 30.190632 81.340556 -375832.055648 9.556643 39.354460 (Ca0.00Mg0.89Fe''0.11Mn0.00Co0.00Ni0.00)2SiO4 40.6726 0 0 0 10.3789 0.413023 48.4421 0.093338 0 0 0
150.00 1510.00 31.193031 83.904733 -387862.105149 9.863997 40.616667 (Ca0.00Mg0.89Fe''0.11Mn0.00Co0.00Ni0.00)2SiO4 40.637 0 0 0 10.5634 0.417648 48.287 0.0949449 0 0 0
150.00 1505.00 32.182292 86.424312 -399692.122653 10.166484 41.858540 (Ca0.00Mg0.88Fe''0.11Mn0.00Co0.00Ni0.00)2SiO4 40.601 0 0 0 10.7501 0.422205 48.1301 0.0965857 0 0 0
150.00 1500.00 33.159142 88.901364 -411330.940406 10.464339 43.081046 (Ca0.00Mg0.88Fe''0.11Mn0.00Co0.00Ni0.00)2SiO4 40.5645 0 0 0 10.939 0.426694 47.9715 0.098262 0 0 0
150.00 1495.00 34.124273 91.337853 -422786.921283 10.757784 44.285099 (Ca0.00Mg0.88Fe''0.11Mn0.00Co0.00Ni0.00)2SiO4 40.5277 0 0 0 11.1302 0.431112 47.8111 0.0999758 0 0 0
150.00 1490.00 35.078340 93.735636 -434067.973961 11.047032 45.471565 (Ca0.00Mg0.88Fe''0.12Mn0.00Co0.00Ni0.00)2SiO4 40.4904 0 0 0 11.3235 0.43546 47.6489 0.101729 0 0 0
150.00 1485.00 36.021964 96.096465 -445181.565031 11.332280 46.641263 (Ca0.00Mg0.88Fe''0.12Mn0.00Co0.00Ni0.00)2SiO4 40.4527 0 0 0 11.5191 0.439734 47.485 0.103523 0 0 0
150.00 1480.00 36.955728 98.421989 -456134.728077 11.613718 47.794962 (Ca0.00Mg0.87Fe''0.12Mn0.00Co0.00Ni0.00)2SiO4 40.4147 0 0 0 11.7168 0.443933 47.3192 0.105361 0 0 0
150.00 1475.00 37.880182 100.713755 -466934.069743 11.891521 48.933386 (Ca0.00Mg0.87Fe''0.12Mn0.00Co0.00Ni0.00)2SiO4 40.3762 0 0 0 11.9168 0.448056 47.1518 0.107245 0 0 0
150.00 1470.00 38.795841 102.973209 -477585.772799 12.165856 50.057213 (Ca0.00Mg0.87Fe''0.13Mn0.00Co0.00Ni0.00)2SiO4 40.3373 0 0 0 12.1189 0.452102 46.9826 0.109176 0 0 0
150.00 1465.00 39.703181 105.201694 -488095.596198 12.436875 51.167072 (Ca0.00Mg0.87Fe''0.13Mn0.00Co0.00Ni0.00)2SiO4 40.298 0 0 0 12.3231 0.456068 46.8116 0.111158 0 0 0
150.00 1460.00 40.602643 107.400446 -498468.872130 12.704722 52.263544 (Ca0.00Mg0.87Fe''0.13Mn0.00Co0.00Ni0.00)2SiO4 40.2584 0 0 0 12.5294 0.459954 46.639 0.113193 0 0 0
150.00 1455.00 41.494629 109.570596 -508710.500098 12.969527 53.347162 (Ca0.00Mg0.86Fe''0.13Mn0.00Co0.00Ni0.00)2SiO4 40.2184 0 0 0 12.7378 0.463757 46.4647 0.115284 0 0 0
150.00 1450.00 42.379501 111.713165 -518824.938021 13.231407 54.418407 (Ca0.00Mg0.86Fe''0.13Mn0.00Co0.00Ni0.00)2SiO4 40.178 0 0 0 12.9482 0.467477 46.2889 0.117433 0 0 0
150.00 1445.00 43.257576 113.829058 -528816.190474 13.490469 55.477710 (Ca0.00Mg0.86Fe''0.14Mn0.00Co0.00Ni0.00)2SiO4 40.1372 0 0 0 13.1605 0.471111 46.1115 0.119642 0 0 0
150.00 1440.00 44.129130 115.919064 -538687.794163 13.746804 56.525445 (Ca0.00Mg0.86Fe''0.14Mn0.01Co0.00Ni0.00)2SiO4 40.0962 0 0 0 13.3747 0.474658 45.9326 0.121916 0 0 0
150.00 1435.00 44.994391 117.983845 -548442.800840 14.000492 57.561930 (Ca0.00Mg0.85Fe''0.14Mn0.01Co0.00Ni0.00)2SiO4 40.0548 0 0 0 13.5905 0.478117 45.7523 0.124256 0 0 0
150.00 1430.00 45.853535 120.023933 -558083.757967 14.251595 58.587422 (Ca0.00Mg0.85Fe''0.14Mn0.01Co0.00Ni0.00)2SiO4 40.0131 0 0 0 13.808 0.481485 45.5707 0.126666 0 0 0
150.00 1425.00 46.706685 122.039722 -567612.687533 14.500163 59.602116 (Ca0.00Mg0.85Fe''0.15Mn0.01Co0.00Ni0.00)2SiO4 39.9711 0 0 0 14.027 0.484763 45.3879 0.129149 0 0 0
150.00 1420.00 47.553909 124.031464 -577031.063612 14.746229 60.606139 (Ca0.00Mg0.85Fe''0.15Mn0.01Co0.00Ni0.00)2SiO4 39.9289 0 0 0 14.2474 0.487947 45.204 0.131708 0 0 0
150.00 1415.00 48.395213 125.999256 -586339.789418 14.989807 61.599552 (Ca0.00Mg0.84Fe''0.15Mn0.01Co0.00Ni0.00)2SiO4 39.8865 0 0 0 14.4689 0.491037 45.0192 0.134345 0 0 0
150.00 1410.00 49.230540 127.943040 -595539.174834 15.230896 62.582338 (Ca0.00Mg0.84Fe''0.15Mn0.01Co0.00Ni0.00)2SiO4 39.8439 0 0 0 14.6915 0.494032 44.8336 0.137063 0 0 0
150.00 1405.00 50.059765 129.862589 -604628.915625 15.469474 63.554408 (Ca0.00Mg0.84Fe''0.16Mn0.01Co0.00Ni0.00)2SiO4 39.8012 0 0 0 14.9148 0.49693 44.6473 0.139865 0 0 0
150.00 1400.00 50.882694 131.757506 -613608.075824 15.705503 64.515591 (Ca0.00Mg0.84Fe''0.16Mn0.01Co0.00Ni0.00)2SiO4 39.7583 0 0 0 15.1387 0.499731 44.4605 0.142754 0 0 0
150.00 1395.00 51.699058 133.627219 -622475.075006 15.938922 65.465636 (Ca0.00Mg0.83Fe''0.16Mn0.01Co0.00Ni0.00)2SiO4 39.7154 0 0 0 15.3629 0.502433 44.2736 0.145732 0 0 0
150.00 1390.00 52.508515 135.470975 -631227.682454 16.169651 66.404209 (Ca0.00Mg0.83Fe''0.16Mn0.01Co0.00Ni0.00)2SiO4 39.6725 0 0 0 15.5871 0.505036 44.0866 0.1488 0 0 0
150.00 1385.00 52.811552 136.002310 -633840.708129 16.243818 66.698575 (Ca0.00Mg0.83Fe''0.17Mn0.01Co0.00Ni0.00)2SiO4 39.6285 0 0 0 15.8128 0.511441 43.8938 0.153464 0 0 0
150.00 1380.00 53.091491 136.471205 -636169.470213 16.310756 66.962931 (Ca0.00Mg0.83Fe''0.17Mn0.01Co0.00Ni0.00)2SiO4 39.5845 0 0 0 16.0376 0.517907 43.7016 0.158338 0 0 0
150.00 1375.00 53.378477 136.955394 -638579.356999 16.379772 67.235547 (Ca0.00Mg0.82Fe''0.17Mn0.01Co0.00Ni0.00)2SiO4 39.5409 0 0 0 16.2611 0.524192 43.5105 0.163332 0 0 0
150.00 1370.00 53.671479 137.452190 -641059.130439 16.450562 67.515156 (Ca0.00Mg0.82Fe''0.17Mn0.01Co0.00Ni0.00)2SiO4 39.4975 0 0 0 16.4831 0.530297 43.3206 0.168451 0 0 0
150.00 1365.00 53.969437 137.958856 -643597.416741 16.522811 67.800469 (Ca0.00Mg0.82Fe''0.18Mn0.01Co0.00Ni0.00)2SiO4 39.4545 0 0 0 16.7033 0.536223 43.1323 0.173695 0 0 0
150.00 1360.00 54.271263 138.472607 -646182.686018 16.596203 68.090170 (Ca0.00Mg0.81Fe''0.18Mn0.01Co0.00Ni0.00)2SiO4 39.4119 0 0 0 16.9215 0.541972 42.9456 0.179068 0 0 0
150.00 1355.00 54.575841 138.990609 -648803.249470 16.670413 68.382921 (Ca0.00Mg0.81Fe''0.18Mn0.01Co0.00Ni0.00)2SiO4 39.3697 0 0 0 17.1374 0.547546 42.7607 0.184569 0 0 0
150.00 1350.00 54.882029 139.509984 -651447.275091 16.745110 68.677361 (Ca0.00Mg0.81Fe''0.18Mn0.01Co0.00Ni0.00)2SiO4 39.3281 0 0 0 17.3508 0.552948 42.578 0.1902 0 0 0
150.00 1345.00 55.188659 140.027823 -654102.822444 16.819961 68.972112 (Ca0.00Mg0.81Fe''0.19Mn0.01Co0.00Ni0.00)2SiO4 39.2869 0 0 0 17.5613 0.558182 42.3976 0.19596 0 0 0
150.00 1340.00 55.494551 140.541199 -656757.896476 16.894628 69.265783 (Ca0.00Mg0.80Fe''0.19Mn0.01Co0.00Ni0.00)2SiO4 39.2464 0 0 0 17.7687 0.563253 42.2198 0.20185 0 0 0
150.00 1335.00 55.798513 141.047186 -659400.519544 16.968772 69.556984 (Ca0.00Mg0.80Fe''0.19Mn0.01Co0.00Ni0.00)2SiO4 39.2065 0 0 0 17.9727 0.568166 42.0447 0.207868 0 0 0
150.00 1330.00 56.099357 141.542885 -662018.819930 17.042058 69.844334 (Ca0.00Mg0.80Fe''0.19Mn0.01Co0.00Ni0.00)2SiO4 39.1673 0 0 0 18.173 0.572926 41.8727 0.214011 0 0 0
150.00 1325.00 56.395905 142.025448 -664601.134178 17.114154 70.126473 (Ca0.00Mg0.80Fe''0.20Mn0.01Co0.00Ni0.00)2SiO4 39.1289 0 0 0 18.3694 0.577541 41.7038 0.220277 0 0 0
150.00 1320.00 56.687004 142.492110 -667136.119604 17.184738 70.402077 (Ca0.00Mg0.80Fe''0.20Mn0.01Co0.00Ni0.00)2SiO4 39.0913 0 0 0 18.5616 0.582015 41.5384 0.226661 0 0 0
150.00 1315.00 56.971541 142.940219 -669612.872565 17.253498 70.669870 (Ca0.00Mg0.79Fe''0.20Mn0.01Co0.00Ni0.00)2SiO4 39.0545 0 0 0 18.7493 0.586358 41.3767 0.233157 0 0 0
150.00 1310.00 57.248448 143.367263 -672021.047463 17.320140 70.928644 (Ca0.00Mg0.79Fe''0.20Mn0.01Co0.00Ni0.00)2SiO4 39.0186 0 0 0 18.9324 0.590575 41.2187 0.239761 0 0 0
150.00 1305.00 57.516726 143.770904 -674350.971182 17.384384 71.177266 (Ca0.00Mg0.79Fe''0.20Mn0.01Co0.00Ni0.00)2SiO4 38.9837 0 0 0 19.1105 0.594676 41.0647 0.246464 0 0 0
150.00 1300.00 57.775446 144.149005 -676593.747779 17.445978 71.414697 (Ca0.00Mg0.79Fe''0.21Mn0.01Co0.00Ni0.00)2SiO4 38.9497 0 0 0 19.2836 0.598668 40.9148 0.253259 0 0 0
150.00 1295.00 58.023767 144.499646 -678741.348711 17.504689 71.639997 (Ca0.00Mg0.78Fe''0.21Mn0.01Co0.00Ni0.00)2SiO4 38.9166 0 0 0 19.4515 0.602559 40.7692 0.260137 0 0 0
150.00 1290.00 58.260941 144.821152 -680786.684726 17.560315 71.852341 (Ca0.00Mg0.78Fe''0.21Mn0.01Co0.00Ni0.00)2SiO4 38.8846 0 0 0 19.614 0.606357 40.6279 0.267087 0 0 0
150.00 1285.00 58.486318 145.112096 -682723.656655 17.612679 72.051019 (Ca0.00Mg0.78Fe''0.21Mn0.01Co0.00Ni0.00)2SiO4 38.8537 0 0 0 19.7711 0.61007 40.4911 0.274099 0 0 0
150.00 1280.00 58.699354 145.371314 -684547.183613 17.661637 72.235442 (Ca0.00Mg0.78Fe''0.21Mn0.01Co0.00Ni0.00)2SiO4 38.8237 0 0 0 19.9227 0.613707 40.3587 0.281162 0 0 0
150.00 1275.00 58.899609 145.597902 -686253.208453 17.707070 72.405143 (Ca0.00Mg0.78Fe''0.22Mn0.01Co0.00Ni0.00)2SiO4 38.7948 0 0 0 20.0687 0.617274 40.2309 0.288264 0 0 0
150.00 1270.00 59.086745 145.791209 -687838.681530 17.748892 72.559777 (Ca0.00Mg0.78Fe''0.22Mn0.01Co0.00Ni0.00)2SiO4 38.767 0 0 0 20.2091 0.620779 40.1077 0.295392 0 0 0
150.00 1265.00 59.260529 145.950836 -689301.524895 17.787043 72.699113 (Ca0.00Mg0.77Fe''0.22Mn0.01Co0.00Ni0.00)2SiO4 38.7402 0 0 0 20.344 0.624228 39.989 0.302533 0 0 0
150.00 1260.00 59.420822 146.076612 -690640.579855 17.821490 72.823032 (Ca0.00Mg0.77Fe''0.22Mn0.01Co0.00Ni0.00)2SiO4 38.7145 0 0 0 20.4734 0.627629 39.8748 0.309673 0 0 0
150.00 1255.00 59.567576 146.168584 -691855.541292 17.852227 72.931514 (Ca0.00Mg0.77Fe''0.22Mn0.01Co0.00Ni0.00)2SiO4 38.6898 0 0 0 20.5973 0.630988 39.7651 0.316799 0 0 0
150.00 1250.00 59.700824 146.226997 -692946.882397 17.879266 73.024637 (Ca0.00Mg0.77Fe''0.22Mn0.01Co0.00Ni0.00)2SiO4 38.6661 0 0 0 20.7159 0.634309 39.6598 0.323896 0 0 0
150.00 1245.00 59.820676 146.252269 -693915.773391 17.902645 73.102558 (Ca0.00Mg0.77Fe''0.23Mn0.01Co0.00Ni0.00)2SiO4 38.6434 0 0 0 20.8292 0.6376 39.5589 0.33095 0 0 0
150.00 1240.00 59.927307 146.244972 -694763.997582 17.922416 73.165511 (Ca0.00Mg0.77Fe''0.23Mn0.01Co0.00Ni0.00)2SiO4 38.6217 0 0 0 20.9373 0.640863 39.4622 0.337948 0 0 0
150.00 1235.00 60.020948 146.205810 -695493.867670 17.938648 73.213793 (Ca0.00Mg0.77Fe''0.23Mn0.01Co0.00Ni0.00)2SiO4 38.6009 0 0 0 21.0404 0.644105 39.3697 0.344873 0 0 0
150.00 1230.00 60.101882 146.135599 -696108.144740 17.951423 73.247752 (Ca0.00Mg0.76Fe''0.23Mn0.01Co0.00Ni0.00)2SiO4 38.5811 0 0 0 21.1386 0.647329 39.2813 0.351711 0 0 0
150.00 1225.00 60.170431 146.035245 -696609.961845 17.960833 73.267785 (Ca0.00Mg0.76Fe''0.23Mn0.01Co0.00Ni0.00)2SiO4 38.5622 0 0 0 21.232 0.650539 39.1968 0.358448 0 0 0
150.00 1220.00 60.226950 145.905729 -697002.753560 17.966981 73.274322 (Ca0.01Mg0.76Fe''0.23Mn0.01Co0.00Ni0.00)2SiO4 38.5441 0 0 0 21.3209 0.653738 39.1162 0.365068 0 0 0
150.00 1215.00 60.271823 145.748085 -697290.192391 17.969975 73.267823 (Ca0.01Mg0.76Fe''0.23Mn0.01Co0.00Ni0.00)2SiO4 38.5269 0 0 0 21.4052 0.65693 39.0394 0.371557 0 0 0
150.00 1210.00 60.305452 145.563391 -697476.132538 17.969929 73.248768 (Ca0.01Mg0.76Fe''0.23Mn0.01Co0.00Ni0.00)2SiO4 38.5106 0 0 0 21.4853 0.660116 38.9661 0.377899 0 0 0
150.00 1205.00 60.328222 145.352669 -697564.144095 17.966951 73.217609 (Ca0.01Mg0.76Fe''0.23Mn0.01Co0.00Ni0.00)2SiO4 38.495 0 0 0 21.5612 0.6633 38.8964 0.38408 0 0 0
150.00 1200.00 60.340188 145.116146 -697553.941714 17.961049 73.174400 (Ca0.01Mg0.76Fe''0.24Mn0.01Co0.00Ni0.00)2SiO4 38.4802 0 0 0 21.6332 0.666488 38.8301 0.390087 0 0 0
150.00 1195.00 60.341711 144.854776 -697448.750735 17.952324 73.119559 (Ca0.01Mg0.76Fe''0.24Mn0.01Co0.00Ni0.00)2SiO4 38.4662 0 0 0 21.7013 0.669683 38.767 0.395906 0 0 0
150.00 1190.00 60.333257 144.569763 -697253.042963 17.940906 73.053634 (Ca0.01Mg0.76Fe''0.24Mn0.01Co0.00Ni0.00)2SiO4 38.4528 0 0 0 21.7657 0.672887 38.7071 0.401522 0 0 0
150.00 1185.00 60.315291 144.262305 -696971.283972 17.926925 72.977174 (Ca0.01Mg0.76Fe''0.24Mn0.01Co0.00Ni0.00)2SiO4 38.4401 0 0 0 21.8266 0.6761 38.6502 0.406921 0 0 0
150.00 1180.00 60.288279 143.933585 -696607.916514 17.910513 72.890720 (Ca0.01Mg0.75Fe''0.24Mn0.01Co0.00Ni0.00)2SiO4 38.4282 0 0 0 21.8841 0.679323 38.5963 0.412086 0 0 0
150.00 1175.00 60.081702 143.146247 -693283.965385 17.831079 72.546941 (Ca0.01Mg0.75Fe''0.24Mn0.01Co0.00Ni0.00)2SiO4 38.391 0 0 0 22.0638 0.693431 38.4327 0.419094 0 0 0
150.00 1170.00 59.859622 142.317741 -689619.596209 17.745319 72.177439 (Ca0.01Mg0.75Fe''0.24Mn0.01Co0.00Ni0.00)2SiO4 38.3491 0 0 0 22.2665 0.70982 38.2484 0.426081 0 0 0
150.00 1165.00 59.668648 141.571311 -686495.755100 17.670990 71.853659 (Ca0.01Mg0.75Fe''0.24Mn0.01Co0.00Ni0.00)2SiO4 38.3121 0 0 0 22.4435 0.725277 38.0847 0.434448 0 0 0
150.00 1160.00 59.539791 140.983723 -684403.568683 17.618494 71.619457 (Ca0.01Mg0.75Fe''0.25Mn0.01Co0.00Ni0.00)2SiO4 38.2841 0 0 0 22.5772 0.736876 37.9609 0.440876 0 0 0
150.00 1155.00 59.240896 140.020850 -681203.978224 17.523167 71.221835 (Ca0.01Mg0.74Fe''0.25Mn0.01Co0.00Ni0.00)2SiO4 38.2816 0 0 0 22.5889 0.751229 37.9567 0.421573 0 0 0
150.00 1150.00 59.139838 139.516749 -679943.234087 17.483989 71.045577 (Ca0.01Mg0.74Fe''0.25Mn0.01Co0.00Ni0.00)2SiO4 38.2687 0 0 0 22.652 0.758678 37.9018 0.418773 0 0 0
150.00 1145.00 59.062303 139.071247 -679043.995512 17.452784 70.901784 (Ca0.01Mg0.74Fe''0.25Mn0.01Co0.00Ni0.00)2SiO4 38.2585 0 0 0 22.7029 0.764435 37.8586 0.415563 0 0 0
150.00 1140.00 58.999737 138.663153 -678385.110768 17.426764 70.779076 (Ca0.01Mg0.74Fe''0.25Mn0.01Co0.00Ni0.00)2SiO4 38.2503 0 0 0 22.7445 0.768979 37.8242 0.411976 0 0 0
150.00 1135.00 58.946739 138.279031 -677887.957421 17.404148 70.670173 (Ca0.01Mg0.74Fe''0.25Mn0.01Co0.00Ni0.00)2SiO4 38.2436 0 0 0 22.7791 0.772634 37.7966 0.408053 0 0 0
150.00 1130.00 58.899910 137.910376 -677501.125659 17.383793 70.570409 (Ca0.01Mg0.74Fe''0.25Mn0.01Co0.00Ni0.00)2SiO4 38.2381 0 0 0 22.8083 0.775625 37.7741 0.403839 0 0 0
150.00 1125.00 58.857184 137.551949 -677191.311737 17.364985 70.476849 (Ca0.01Mg0.74Fe''0.25Mn0.01Co0.00Ni0.00)2SiO4 38.2335 0 0 0 22.8334 0.778106 37.7557 0.399381 0 0 0
150.00 1120.00 58.817393 137.200712 -676937.420555 17.347296 70.387730 (Ca0.01Mg0.74Fe''0.25Mn0.01Co0.00Ni0.00)2SiO4 38.2295 0 0 0 22.8554 0.780186 37.7401 0.39473 0 0 0
150.00 1115.00 58.779927 136.854975 -676725.762680 17.330475 70.302005 (Ca0.01Mg0.74Fe''0.25Mn0.01Co0.00Ni0.00)2SiO4 38.226 0 0 0 22.8753 0.781943 37.7267 0.38994 0 0 0
150.00 1110.00 58.744151 136.513001 -676542.050644 17.314263 70.218584 (Ca0.01Mg0.74Fe''0.25Mn0.01Co0.00Ni0.00)2SiO4 38.2228 0 0 0 22.8941 0.783432 37.7145 0.385089 0 0 0
150.00 1105.00 58.746194 136.207710 -675367.813706 17.293336 70.118075 (Ca0.01Mg0.74Fe''0.25Mn0.01Co0.00Ni0.00)2SiO4 38.1792 0 0 0 23.1286 0.786053 37.5276 0.378622 0 0 0
150.00 1100.00 58.660380 135.751629 -674690.521829 17.263147 69.978589 (Ca0.01Mg0.74Fe''0.25Mn0.01Co0.00Ni0.00)2SiO4 38.1784 0 0 0 23.1346 0.788804 37.527 0.371184 0 0 0
150.00 1095.00 58.657101 135.487475 -675013.812590 17.257830 69.939899 (Ca0.01Mg0.74Fe''0.25Mn0.01Co0.00Ni0.00)2SiO4 38.1792 0 0 0 23.135 0.788855 37.5333 0.363634 0 0 0
150.00 1090.00 58.653793 135.222483 -675336.591841 17.252520 69.900962 (Ca0.00Mg0.74Fe''0.25Mn0.01Co0.00Ni0.00)2SiO4 38.1801 0 0 0 23.1353 0.788907 37.5395 0.356177 0 0 0
150.00 1085.00 58.650460 134.956652 -675658.880350 17.247216 69.861776 (Ca0.00Mg0.74Fe''0.25Mn0.01Co0.00Ni0.00)2SiO4 38.1809 0 0 0 23.1357 0.788959 37.5457 0.348815 0 0 0
150.00 1080.00 58.647102 134.689982 -675980.694834 17.241921 69.822343 (Ca0.00Mg0.74Fe''0.25Mn0.01Co0.00Ni0.00)2SiO4 38.1817 0 0 0 23.1359 0.789011 37.5518 0.341547 0 0 0
150.00 1075.00 58.643720 134.422469 -676302.048249 17.236633 69.782662 (Ca0.00Mg0.74Fe''0.25Mn0.01Co0.00Ni0.00)2SiO4 38.1825 0 0 0 23.1362 0.789064 37.5579 0.334374 0 0 0
150.00 1070.00 58.640314 134.154112 -676622.950045 17.231354 69.742731 (Ca0.00Mg0.74Fe''0.25Mn0.01Co0.00Ni0.00)2SiO4 38.1833 0 0 0 23.1364 0.789117 37.5639 0.327297 0 0 0
150.00 1065.00 58.636886 133.884905 -676943.406360 17.226082 69.702549 (Ca0.00Mg0.74Fe''0.25Mn0.01Co0.00Ni0.00)2SiO4 38.1841 0 0 0 23.1366 0.78917 37.5698 0.320315 0 0 0
150.00 1060.00 58.633434 133.614845 -677263.420177 17.220820 69.662114 (Ca0.00Mg0.74Fe''0.25Mn0.01Co0.00Ni0.00)2SiO4 38.1849 0 0 0 23.1368 0.789224 37.5757 0.313429 0 0 0
150.00 1055.00 58.629958 133.343925 -677582.991425 17.215565 69.621424 (Ca0.00Mg0.74Fe''0.25Mn0.01Co0.00Ni0.00)2SiO4 38.1857 0 0 0 23.1369 0.789278 37.5815 0.306638 0 0 0
150.00 1050.00 58.626457 133.072139 -677902.117056 17.210319 69.580476 (Ca0.00Mg0.74Fe''0.25Mn0.01Co0.00Ni0.00)2SiO4 38.1864 0 0 0 23.137 0.789332 37.5873 0.299943 0 0 0
150.00 1045.00 58.622930 132.799481 -678220.791074 17.205081 69.539268 (Ca0.00Mg0.74Fe''0.25Mn0.01Co0.00Ni0.00)2SiO4 38.1872 0 0 0 23.137 0.789387 37.593 0.293343 0 0 0
150.00 1040.00 58.619377 132.525943 -678539.004524 17.199851 69.497796 (Ca0.00Mg0.74Fe''0.25Mn0.01Co0.00Ni0.00)2SiO4 38.188 0 0 0 23.1371 0.789443 37.5987 0.286839 0 0 0
150.00 1035.00 58.615794 132.251517 -678856.745458 17.194627 69.456057 (Ca0.00Mg0.74Fe''0.25Mn0.01Co0.00Ni0.00)2SiO4 38.1887 0 0 0 23.137 0.789498 37.6043 0.280429 0 0 0
150.00 1030.00 58.612181 131.976194 -679173.998850 17.189411 69.414047 (Ca0.00Mg0.74Fe''0.25Mn0.01Co0.00Ni0.00)2SiO4 38.1895 0 0 0 23.137 0.789554 37.6099 0.274115 0 0 0
150.00 1025.00 58.608536 131.699965 -679490.746474 17.184201 69.371762 (Ca0.00Mg0.74Fe''0.25Mn0.01Co0.00Ni0.00)2SiO4 38.1903 0 0 0 23.1369 0.789611 37.6154 0.267894 0 0 0
150.00 1020.00 58.604855 131.422820 -679806.966744 17.178996 69.329198 (Ca0.00Mg0.74Fe''0.25Mn0.01Co0.00Ni0.00)2SiO4 38.191 0 0 0 23.1367 0.789668 37.6208 0.261768 0 0 0
150.00 1015.00 58.601137 131.144748 -680122.635222 17.173797 69.286348 (Ca0.00Mg0.74Fe''0.25Mn0.01Co0.00Ni0.00)2SiO4 38.1918 0 0 0 23.1365 0.789726 37.6263 0.255736 0 0 0
150.00 1010.00 58.597380 130.865739 -680437.732557 17.168601 69.243210 (Ca0.00Mg0.74Fe''0.25Mn0.01Co0.00Ni0.00)2SiO4 38.1925 0 0 0 23.1363 0.789784 37.6316 0.249797 0 0 0
150.00 1005.00 58.593579 130.585783 -680752.229108 17.163410 69.199778 (Ca0.00Mg0.74Fe''0.25Mn0.01Co0.00Ni0.00)2SiO4 38.1933 0 0 0 23.136 0.789844 37.637 0.243951 0 0 0
150.00 1000.00 58.589733 130.304866 -681066.087837 17.158221 69.156046 (Ca0.00Mg0.74Fe''0.25Mn0.01Co0.00Ni0.00)2SiO4 38.194 0 0 0 23.1356 0.789903 37.6423 0.238197 0 0 0

rhm-oxide_0 thermodynamic data and composition:
Pressure Temperature mass S H V Cp formula SiO2 TiO2 Al2O3 Fe2O3 FeO MnO MgO CaO Na2O K2O P2O5
150.00 1105.00 0.047572 0.097384 -408.497242 0.010957 0.044302 Mn0.00Fe''0.62Mg0.35Fe'''0.04Ti0.98O3 0 55.6405 0 2.28081 31.7123 0.20594 10.1605 0 0 0 0
150.00 1100.00 0.089797 0.183490 -770.914565 0.020672 0.083599 Mn0.00Fe''0.62Mg0.35Fe'''0.04Ti0.98O3 0 55.6249 0 2.27376 31.7821 0.205642 10.1137 0 0 0 0
150.00 1095.00 0.088192 0.179886 -757.013640 0.020294 0.082081 Mn0.00Fe''0.62Mg0.35Fe'''0.04Ti0.98O3 0 55.6106 0 2.26649 31.8484 0.204651 10.0698 0 0 0 0
150.00 1090.00 0.086565 0.176249 -742.926873 0.019911 0.080543 Mn0.00Fe''0.63Mg0.35Fe'''0.04Ti0.98O3 0 55.5962 0 2.25925 31.9153 0.203661 10.0256 0 0 0 0
150.00 1085.00 0.084917 0.172578 -728.650163 0.019523 0.078985 Mn0.00Fe''0.63Mg0.35Fe'''0.04Ti0.98O3 0 55.5816 0 2.25204 31.9827 0.202674 9.98094 0 0 0 0
150.00 1080.00 0.083245 0.168872 -714.178945 0.019130 0.077407 Mn0.00Fe''0.63Mg0.35Fe'''0.04Ti0.98O3 0 55.5668 0 2.24484 32.0507 0.201688 9.93591 0 0 0 0
150.00 1075.00 0.081551 0.165130 -699.508005 0.018733 0.075807 Mn0.00Fe''0.63Mg0.35Fe'''0.04Ti0.98O3 0 55.5519 0 2.23768 32.1192 0.200704 9.89048 0 0 0 0
150.00 1070.00 0.079832 0.161351 -684.631343 0.018329 0.074186 Mn0.00Fe''0.63Mg0.34Fe'''0.04Ti0.98O3 0 55.5368 0 2.23053 32.1884 0.199722 9.84463 0 0 0 0
150.00 1065.00 0.078089 0.157533 -669.542065 0.017921 0.072543 Mn0.00Fe''0.63Mg0.34Fe'''0.04Ti0.98O3 0 55.5214 0 2.22342 32.258 0.198742 9.79838 0 0 0 0
150.00 1060.00 0.076319 0.153676 -654.232291 0.017507 0.070876 Mn0.00Fe''0.64Mg0.34Fe'''0.04Ti0.98O3 0 55.5059 0 2.21632 32.3283 0.197764 9.7517 0 0 0 0
150.00 1055.00 0.074523 0.149776 -638.693065 0.017087 0.069185 Mn0.00Fe''0.64Mg0.34Fe'''0.04Ti0.98O3 0 55.4902 0 2.20925 32.3991 0.196788 9.7046 0 0 0 0
150.00 1050.00 0.072698 0.145833 -622.914269 0.016661 0.067469 Mn0.00Fe''0.64Mg0.34Fe'''0.04Ti0.98O3 0 55.4744 0 2.20221 32.4705 0.195814 9.65707 0 0 0 0
150.00 1045.00 0.070844 0.141843 -606.884531 0.016228 0.065726 Mn0.00Fe''0.64Mg0.34Fe'''0.04Ti0.98O3 0 55.4583 0 2.19519 32.5426 0.194843 9.6091 0 0 0 0
150.00 1040.00 0.068959 0.137804 -590.591124 0.015789 0.063955 Mn0.00Fe''0.64Mg0.34Fe'''0.04Ti0.98O3 0 55.442 0 2.1882 32.6152 0.193873 9.5607 0 0 0 0
150.00 1035.00 0.067041 0.133713 -574.019856 0.015343 0.062155 Mn0.00Fe''0.64Mg0.33Fe'''0.04Ti0.98O3 0 55.4255 0 2.18123 32.6885 0.192906 9.51184 0 0 0 0
150.00 1030.00 0.065088 0.129567 -557.154937 0.014889 0.060323 Mn0.00Fe''0.64Mg0.33Fe'''0.04Ti0.98O3 0 55.4089 0 2.17429 32.7624 0.191941 9.46254 0 0 0 0
150.00 1025.00 0.063098 0.125362 -539.978841 0.014427 0.058459 Mn0.00Fe''0.65Mg0.33Fe'''0.04Ti0.98O3 0 55.392 0 2.16737 32.8369 0.190978 9.41278 0 0 0 0
150.00 1020.00 0.061069 0.121094 -522.472129 0.013956 0.056559 Mn0.00Fe''0.65Mg0.33Fe'''0.04Ti0.98O3 0 55.3749 0 2.16048 32.912 0.190018 9.36256 0 0 0 0
150.00 1015.00 0.058998 0.116757 -504.613416 0.013477 0.054621 Mn0.00Fe''0.65Mg0.33Fe'''0.04Ti0.98O3 0 55.3577 0 2.15361 32.9878 0.18906 9.31186 0 0 0 0
150.00 1010.00 0.056883 0.112349 -486.380966 0.012987 0.052644 Mn0.00Fe''0.65Mg0.33Fe'''0.04Ti0.98O3 0 55.3402 0 2.14676 33.0643 0.188105 9.2607 0 0 0 0
150.00 1005.00 0.054721 0.107862 -467.749180 0.012487 0.050623 Mn0.00Fe''0.65Mg0.32Fe'''0.04Ti0.98O3 0 55.3225 0 2.13994 33.1414 0.187153 9.20906 0 0 0 0
150.00 1000.00 0.052507 0.103292 -448.688943 0.011976 0.048557 Mn0.00Fe''0.66Mg0.32Fe'''0.04Ti0.98O3 0 55.3046 0 2.13315 33.2192 0.186203 9.15693 0 0 0 0
