Title: mars_interm

Phase Volumes:
Pressure Temperature mass V liquid_0 olivine_0 clinopyroxene_0 feldspar_0 quartz spinel_0 rhm-oxide_0 whitlockite 
150.00 1100.00 99.997183 39.524048 39.524048 0.000000 0.000000 0.000000 0.000000 0.000000 0.000000 0.000000 
150.00 1095.00 99.997497 39.513475 39.513475 0.000000 0.000000 0.000000 0.000000 0.000000 0.000000 0.000000 
150.00 1090.00 99.997819 39.502907 39.502907 0.000000 0.000000 0.000000 0.000000 0.000000 0.000000 0.000000 
150.00 1085.00 99.998147 39.492344 39.492344 0.000000 0.000000 0.000000 0.000000 0.000000 0.000000 0.000000 
150.00 1080.00 99.998483 39.481787 39.481787 0.000000 0.000000 0.000000 0.000000 0.000000 0.000000 0.000000 
150.00 1075.00 99.998826 39.471236 39.471236 0.000000 0.000000 0.000000 0.000000 0.000000 0.000000 0.000000 
150.00 1070.00 99.999177 39.460690 39.460690 0.000000 0.000000 0.000000 0.000000 0.000000 0.000000 0.000000 
150.00 1065.00 99.999536 39.450150 39.450150 0.000000 0.000000 0.000000 0.000000 0.000000 0.000000 0.000000 
150.00 1060.00 99.999902 39.439616 39.439616 0.000000 0.000000 0.000000 0.000000 0.000000 0.000000 0.000000 
150.00 1055.00 99.999611 39.349229 38.493983 0.000000 0.264600 0.590646 0.000000 0.000000 0.000000 0.000000 
150.00 1050.00 100.002094 39.201502 36.540268 0.000000 0.682716 1.671440 0.000000 0.243583 0.000000 0.063494 
150.00 1045.00 100.003037 39.091868 35.223501 0.000000 0.986213 2.448093 0.000000 0.343712 0.000000 0.090349 
150.00 1040.00 100.003881 38.986960 33.975215 0.000000 1.271001 3.193646 0.000000 0.432403 0.000000 0.114695 
150.00 1035.00 100.004618 38.885865 32.783453 0.000000 1.540729 3.913396 0.000000 0.511322 0.000000 0.136966 
150.00 1030.00 99.998584 38.798635 31.463235 0.408587 1.427929 4.804888 0.000000 0.537413 0.000000 0.156583 
150.00 1025.00 99.997828 38.705298 30.354529 0.465315 1.625422 5.490708 0.000000 0.593897 0.000000 0.175428 
150.00 1020.00 99.996980 38.614354 29.288287 0.515720 1.818761 6.154268 0.000000 0.644293 0.000000 0.193025 
150.00 1015.00 99.996056 38.525477 28.258974 0.559414 2.009174 6.798924 0.000000 0.689410 0.000000 0.209580 
150.00 1010.00 99.995072 38.438405 27.261806 0.596234 2.197505 7.427659 0.000000 0.729928 0.000000 0.225271 
150.00 1005.00 99.994038 38.353003 26.293155 0.626207 2.384232 8.042749 0.000000 0.766415 0.000000 0.240244 
150.00 1000.00 99.992964 38.269235 25.350840 0.649546 2.569461 8.645444 0.000000 0.799340 0.000000 0.254605 
150.00 995.00 99.991856 38.187201 24.434437 0.666643 2.752909 9.235710 0.000000 0.829079 0.000000 0.268422 
150.00 990.00 99.990718 38.107136 23.545428 0.678066 2.933906 9.812085 0.000000 0.855935 0.000000 0.281716 
150.00 985.00 99.989555 38.029394 22.686953 0.684534 3.111460 10.371832 0.000000 0.880147 0.000000 0.294468 
150.00 980.00 99.988369 37.954377 21.863086 0.686859 3.284409 10.911480 0.000000 0.901914 0.000000 0.306629 
150.00 975.00 99.987165 37.882459 21.077850 0.685870 3.451610 11.427571 0.000000 0.921417 0.000000 0.318140 
150.00 970.00 99.961281 37.678035 19.447700 1.161248 3.748169 12.354929 0.000000 0.000000 0.614976 0.351014 
150.00 965.00 99.959819 37.606090 18.687721 1.151578 3.928706 12.846160 0.000000 0.000000 0.629398 0.362526 
150.00 960.00 99.958436 37.538685 17.981729 1.139361 4.099648 13.302483 0.000000 0.000000 0.642373 0.373091 
150.00 955.00 99.957126 37.475634 17.327480 1.125276 4.260978 13.725111 0.000000 0.000000 0.654047 0.382742 
150.00 950.00 99.955884 37.416673 16.721755 1.109854 4.412941 14.116030 0.000000 0.000000 0.664560 0.391533 
150.00 945.00 99.954706 37.361504 16.160906 1.093511 4.555933 14.477586 0.000000 0.000000 0.674042 0.399526 
150.00 940.00 99.953587 37.309824 15.641211 1.076571 4.690428 14.812219 0.000000 0.000000 0.682611 0.406785 
150.00 935.00 99.952523 37.261338 15.159076 1.059292 4.816928 15.122301 0.000000 0.000000 0.690372 0.413369 
150.00 930.00 99.951510 37.215774 14.711142 1.041879 4.935937 15.410062 0.000000 0.000000 0.697416 0.419337 
150.00 925.00 99.950546 37.172878 14.294330 1.024497 5.047940 15.677548 0.000000 0.000000 0.703824 0.424740 
150.00 920.00 99.949627 37.132422 13.905844 1.007274 5.153399 15.926614 0.000000 0.000000 0.709667 0.429624 
150.00 915.00 99.948751 37.094199 13.543170 0.990315 5.252746 16.158932 0.000000 0.000000 0.715004 0.434032 
150.00 910.00 99.947914 37.058023 13.204046 0.973701 5.346387 16.375998 0.000000 0.000000 0.719890 0.438000 
150.00 905.00 99.947116 37.023725 12.886449 0.957497 5.434695 16.579153 0.000000 0.000000 0.724372 0.441559 
150.00 900.00 99.946353 36.991156 12.588564 0.941751 5.518019 16.769594 0.000000 0.000000 0.728489 0.444739 
150.00 895.00 99.945623 36.960180 12.308765 0.926500 5.596678 16.948393 0.000000 0.000000 0.732279 0.447565 
150.00 890.00 99.944926 36.930674 12.045592 0.911770 5.670971 17.116510 0.000000 0.000000 0.735772 0.450057 
150.00 885.00 99.944259 36.902527 11.797737 0.897581 5.741173 17.274804 0.000000 0.000000 0.738997 0.452235 
150.00 880.00 99.943621 36.875642 11.564019 0.883943 5.807538 17.424049 0.000000 0.000000 0.741978 0.454114 
150.00 875.00 99.943010 36.849926 11.343378 0.870862 5.870302 17.564938 0.000000 0.000000 0.744737 0.455709 
150.00 870.00 99.942425 36.825298 11.134853 0.858339 5.929683 17.698098 0.000000 0.000000 0.747294 0.457032 
150.00 865.00 99.941866 36.801685 10.937578 0.846372 5.985883 17.824096 0.000000 0.000000 0.749666 0.458091 
150.00 860.00 99.941330 36.779018 10.750769 0.834954 6.039091 17.943441 0.000000 0.000000 0.751868 0.458895 
150.00 855.00 99.940817 36.757236 10.573714 0.824079 6.089481 18.056599 0.000000 0.000000 0.753914 0.459450 
150.00 850.00 99.940326 36.736283 10.405766 0.813736 6.137214 18.163989 0.000000 0.000000 0.755817 0.459762 
150.00 845.00 99.939856 36.716108 10.246338 0.803914 6.182440 18.265996 0.000000 0.000000 0.757587 0.459833 
150.00 840.00 99.939407 36.696663 10.094894 0.794601 6.225300 18.362967 0.000000 0.000000 0.759236 0.459665 
150.00 835.00 99.938977 36.677906 9.950946 0.785784 6.265923 18.455222 0.000000 0.000000 0.760772 0.459259 
150.00 830.00 99.938566 36.659797 9.814048 0.777451 6.304429 18.543051 0.000000 0.000000 0.762203 0.458614 
150.00 825.00 99.938347 36.620443 9.467670 0.772251 6.351328 18.684509 0.117361 0.000000 0.764110 0.463214 
150.00 820.00 99.938343 36.562781 8.942503 0.770519 6.403753 18.867939 0.339211 0.000000 0.766286 0.472569 
150.00 815.00 99.938366 36.511120 8.478989 0.769383 6.450007 19.028832 0.535191 0.000000 0.768090 0.480628 
150.00 810.00 99.938415 36.464501 8.067176 0.768794 6.490958 19.170842 0.709553 0.000000 0.769587 0.487591 
150.00 805.00 99.938488 36.422158 7.699132 0.768703 6.527319 19.296877 0.865681 0.000000 0.770828 0.493617 
150.00 800.00 99.938583 36.383472 7.368461 0.769069 6.559680 19.409275 1.006300 0.000000 0.771854 0.498833 
150.00 795.00 99.938700 36.347938 7.069946 0.769851 6.588535 19.509940 1.133629 0.000000 0.772696 0.503341 
150.00 790.00 99.938838 36.315139 6.799293 0.771012 6.614301 19.600434 1.249489 0.000000 0.773382 0.507226 
150.00 785.00 99.938998 36.284726 6.552934 0.772521 6.637332 19.682057 1.355393 0.000000 0.773933 0.510555 
150.00 780.00 99.939177 36.256407 6.327881 0.774348 6.657930 19.755892 1.452604 0.000000 0.774367 0.513384 
150.00 775.00 99.939377 36.229936 6.121613 0.776466 6.676359 19.822855 1.542186 0.000000 0.774699 0.515759 
150.00 770.00 99.939596 36.205102 5.931988 0.778850 6.692845 19.883723 1.625040 0.000000 0.774941 0.517716 
150.00 765.00 99.939836 36.181724 5.757175 0.781478 6.707588 19.939159 1.701935 0.000000 0.775104 0.519286 
150.00 760.00 99.940095 36.159646 5.595600 0.784328 6.720761 19.989735 1.773532 0.000000 0.775196 0.520494 
150.00 755.00 99.940373 36.138733 5.445904 0.787382 6.732521 20.035944 1.840398 0.000000 0.775226 0.521358 
150.00 750.00 99.940672 36.118866 5.306906 0.790621 6.743004 20.078215 1.903026 0.000000 0.775201 0.521893 
150.00 745.00 99.940990 36.099940 5.177579 0.794029 6.752333 20.116922 1.961843 0.000000 0.775125 0.522110 
150.00 740.00 99.941329 36.081865 5.057023 0.797589 6.760619 20.152392 2.017223 0.000000 0.775004 0.522015 
150.00 735.00 99.941688 36.064558 4.944449 0.801287 6.767961 20.184915 2.069493 0.000000 0.774842 0.521611 
150.00 730.00 99.942067 36.047945 4.839164 0.805107 6.774448 20.214744 2.118940 0.000000 0.774643 0.520899 
150.00 725.00 99.942466 36.031962 4.740558 0.809038 6.780162 20.242104 2.165816 0.000000 0.774411 0.519875 
150.00 720.00 99.942886 36.016548 4.648090 0.813064 6.785178 20.267193 2.210344 0.000000 0.774148 0.518530 
150.00 715.00 99.943327 36.001649 4.561288 0.817175 6.789563 20.290190 2.252720 0.000000 0.773857 0.516855 
150.00 710.00 99.943790 35.987216 4.479733 0.821358 6.793379 20.311251 2.293119 0.000000 0.773541 0.514834 
150.00 705.00 99.944274 35.973202 4.403058 0.825602 6.796683 20.330515 2.331693 0.000000 0.773203 0.512448 
150.00 700.00 99.944779 35.959566 4.330944 0.829894 6.799528 20.348107 2.368577 0.000000 0.772844 0.509672 
