Title: dummy

liquid_0 thermodynamic data and composition:
Pressure Temperature mass S H V Cp viscosity SiO2 TiO2 Al2O3 Fe2O3 FeO MnO MgO CaO Na2O K2O P2O5 Mg#
1000.00 1100.00 99.999999 252.597061 -1234481.036222 38.683553 135.671591 4.550 61.9391 2.9191 11.189 1.3449 7.2873 1.0264 1.7348 8.2942 1.9334 1.3541 0.9777 29.8
1000.00 1095.00 99.999999 252.102166 -1235159.362664 38.673976 135.658938 4.584 61.9391 2.9191 11.189 1.3449 7.2873 1.0264 1.7348 8.2942 1.9334 1.3541 0.9777 29.8
1000.00 1090.00 99.999999 251.605507 -1235837.625120 38.664400 135.645996 4.618 61.9391 2.9191 11.189 1.3449 7.2873 1.0264 1.7348 8.2942 1.9334 1.3541 0.9777 29.8
1000.00 1085.00 99.999999 251.107070 -1236515.822142 38.654824 135.632764 4.652 61.9391 2.9191 11.189 1.3449 7.2873 1.0264 1.7348 8.2942 1.9334 1.3541 0.9777 29.8
1000.00 1080.00 99.999999 250.606845 -1237193.952265 38.645247 135.619237 4.687 61.9391 2.9191 11.189 1.3449 7.2873 1.0264 1.7348 8.2942 1.9334 1.3541 0.9777 29.8
1000.00 1075.00 99.999999 250.104818 -1237872.014013 38.635671 135.605413 4.722 61.9391 2.9191 11.189 1.3449 7.2873 1.0264 1.7348 8.2942 1.9334 1.3541 0.9777 29.8
1000.00 1070.00 99.999932 249.600807 -1238549.104153 38.626068 135.591195 4.757 61.9391 2.9191 11.189 1.3449 7.28731 1.0264 1.7348 8.2942 1.9334 1.3541 0.977701 29.8
1000.00 1065.00 97.047808 241.658410 -1205743.455905 37.591977 131.328250 4.870 62.5094 2.89725 11.074 1.2101 7.09066 1.05762 1.61835 8.22163 1.92147 1.39207 1.00744 28.9
1000.00 1060.00 94.283015 234.209581 -1174974.624203 36.622130 127.346490 4.983 63.068 2.87009 10.9602 1.09221 6.88931 1.08864 1.51149 8.14653 1.90697 1.42958 1.03698 28.1
1000.00 1055.00 91.694081 227.223928 -1146123.654764 35.712630 123.627031 5.094 63.6141 2.83892 10.8477 0.989078 6.68495 1.11937 1.41343 8.06951 1.89017 1.46654 1.06626 27.4
1000.00 1050.00 89.269055 220.669904 -1119065.498030 34.859421 120.150718 5.204 64.1469 2.80484 10.7369 0.898734 6.47893 1.14978 1.32338 7.99108 1.8713 1.50291 1.09523 26.7
1000.00 1045.00 86.996166 214.516474 -1093676.061037 34.058512 116.899003 5.312 64.6663 2.76877 10.628 0.819421 6.27238 1.17982 1.24064 7.91167 1.85056 1.53864 1.12384 26.1
1000.00 1040.00 84.864135 208.733909 -1069835.578940 33.306078 113.854337 5.419 65.172 2.73143 10.5211 0.749608 6.06623 1.20946 1.16455 7.83165 1.82817 1.5737 1.15208 25.5
1000.00 1035.00 82.862358 203.294254 -1047430.712262 32.598522 111.000369 5.525 65.6641 2.69338 10.4165 0.687978 5.86126 1.23868 1.09452 7.75132 1.80429 1.60805 1.17991 25.0
1000.00 1030.00 80.980995 198.171550 -1026355.640928 31.932503 108.322040 5.630 66.1427 2.65505 10.3142 0.633408 5.65811 1.26746 1.03002 7.67091 1.77908 1.6417 1.20732 24.5
1000.00 1025.00 79.184996 193.282358 -1006209.124451 31.296140 105.760586 5.737 66.6262 2.61687 10.2171 0.584632 5.45733 1.29621 0.970162 7.57888 1.75321 1.67516 1.22424 24.1
1000.00 1020.00 77.222174 187.998032 -983640.105033 30.595806 102.950348 5.853 67.1716 2.51407 10.127 0.558233 5.28743 1.32244 0.904127 7.45141 1.72794 1.71345 1.22236 23.4
1000.00 1015.00 75.323516 182.890289 -961702.027688 29.916182 100.237355 5.970 67.7111 2.40143 10.0387 0.53877 5.12428 1.34705 0.841159 7.32308 1.70193 1.75214 1.22039 22.6
1000.00 1010.00 73.541862 178.089910 -941126.755757 29.277341 97.697144 6.085 68.2324 2.29594 9.95214 0.52116 4.96032 1.37071 0.783623 7.19912 1.67499 1.79002 1.21962 22.0
1000.00 1005.00 71.866803 173.569503 -921794.197602 28.675761 95.313875 6.199 68.7366 2.19701 9.8675 0.505171 4.7958 1.39343 0.731063 7.07916 1.64721 1.8271 1.21999 21.4
1000.00 1000.00 70.289609 169.305975 -903603.076069 28.108479 93.074194 6.312 69.2247 2.10407 9.78486 0.490598 4.63108 1.41525 0.68306 6.96294 1.61866 1.86339 1.2214 20.8
1000.00 995.00 68.802863 165.279614 -886466.921443 27.572975 90.966718 6.424 69.6975 2.01663 9.70429 0.477258 4.46659 1.43618 0.639222 6.85021 1.58943 1.89888 1.2238 20.3
1000.00 990.00 67.400172 161.473348 -870310.815592 27.067070 88.981605 6.535 70.1557 1.93424 9.6258 0.46499 4.30284 1.45621 0.599188 6.74078 1.55957 1.93358 1.22712 19.9
1000.00 985.00 66.075933 157.872152 -855068.785485 26.588847 87.110217 6.644 70.5997 1.85651 9.5494 0.453649 4.14034 1.47537 0.562617 6.6345 1.52917 1.96746 1.23133 19.5
1000.00 980.00 64.825143 154.462589 -840681.765988 26.136589 85.344858 6.753 71.0299 1.78305 9.47505 0.443108 3.97961 1.49366 0.529193 6.53126 1.4983 2.00051 1.23636 19.2
1000.00 975.00 63.643266 151.232458 -827096.056978 25.708732 83.678567 6.862 71.4467 1.71355 9.40269 0.433254 3.82117 1.51109 0.498623 6.43096 1.46702 2.03272 1.24219 18.9
1000.00 970.00 62.525707 148.169472 -814261.978674 25.303801 82.104390 6.969 71.8514 1.64769 9.33227 0.424002 3.66516 1.52717 0.470653 6.33342 1.43539 2.0641 1.24875 18.6
1000.00 965.00 61.435963 145.180049 -802158.718744 24.919193 80.570562 7.102 72.3251 1.58522 9.26446 0.416179 3.48536 1.49792 0.446813 6.22779 1.40313 2.09591 1.25207 18.6
1000.00 960.00 60.413581 142.363387 -790793.615823 24.557577 79.131446 7.234 72.78 1.52599 9.19811 0.408613 3.31352 1.46966 0.424901 6.12566 1.37073 2.12661 1.25618 18.6
1000.00 955.00 59.453071 139.705280 -780107.590687 24.217134 77.779170 7.365 73.217 1.46976 9.13317 0.401271 3.14943 1.44228 0.404706 6.02691 1.33826 2.15623 1.26102 18.6
1000.00 950.00 58.549498 137.192960 -770047.463717 23.896222 76.506684 7.494 73.6369 1.41627 9.0696 0.394125 2.99284 1.41567 0.386042 5.93143 1.30577 2.18479 1.2666 18.7
1000.00 945.00 57.698417 134.814936 -760565.298931 23.593359 75.307658 7.622 74.0405 1.36531 9.00735 0.387156 2.8435 1.38975 0.368748 5.83914 1.27333 2.21235 1.27291 18.8
1000.00 940.00 56.895822 132.560848 -751617.832601 23.307205 74.176403 7.748 74.4285 1.3167 8.94638 0.380346 2.70115 1.36444 0.352683 5.74996 1.24098 2.23892 1.27993 18.9
1000.00 935.00 49.519499 115.068190 -655555.250807 20.329542 64.510182 7.885 74.5484 1.28073 9.09797 0.35468 2.5078 1.30297 0.334678 5.58307 1.16973 2.52763 1.29236 19.2
1000.00 930.00 43.336149 100.434849 -574553.910798 17.819899 56.423293 7.981 74.5516 1.2577 9.21792 0.335377 2.30895 1.2902 0.308182 5.48632 1.09831 2.83063 1.31477 19.2
1000.00 925.00 38.407470 88.775245 -509907.837837 15.816605 49.980319 8.073 74.5365 1.23526 9.33837 0.317502 2.12583 1.27686 0.283924 5.39299 1.02937 3.12576 1.33766 19.2
1000.00 920.00 34.311631 79.094644 -456123.345452 14.149524 44.628933 8.166 74.5056 1.21261 9.46734 0.300138 1.95819 1.25787 0.262494 5.29603 0.961969 3.41743 1.36032 19.3
1000.00 915.00 30.843109 70.905822 -410519.169648 12.735638 40.099756 8.259 74.46 1.18985 9.60298 0.283404 1.80495 1.23437 0.243492 5.19734 0.896312 3.70445 1.38289 19.4
1000.00 910.00 27.853435 63.857234 -371157.571622 11.514954 36.198237 8.350 74.4004 1.16708 9.74359 0.267398 1.665 1.20748 0.226565 5.09859 0.832604 3.98574 1.40553 19.5
1000.00 905.00 25.230787 57.684646 -336577.886803 10.442249 32.777900 8.441 74.328 1.14438 9.8877 0.252186 1.53719 1.17816 0.211413 5.00117 0.771014 4.26037 1.42839 19.7
1000.00 900.00 22.887374 52.181285 -305631.689385 9.481968 29.723818 8.529 74.2437 1.12182 10.0342 0.237804 1.42043 1.14726 0.197788 4.90622 0.711652 4.52757 1.4516 19.9
1000.00 895.00 12.110462 27.528644 -161846.182679 5.018254 15.728962 8.587 74.0587 1.116 10.1933 0.231628 1.29433 1.18132 0.18214 4.9032 0.622141 4.72968 1.48764 20.1
1000.00 835.00 2.221855 4.011323 -27875.006259 0.763760 4.080148 -2.615 1.18628 0.129378 0.0130086 0.279012 0.000503403 1.61728 0.583908 52.1751 4.39632e-06 0.0117427 44.0038 100.0
1000.00 830.00 2.220478 3.989764 -27883.075972 0.763362 4.078293 -2.617 1.16863 0.12433 0.0125403 0.275697 0.000460207 1.59012 0.579357 52.2065 4.04403e-06 0.0113266 44.0311 100.0
1000.00 825.00 2.219131 3.968203 -27891.403787 0.762972 4.076478 -2.618 1.15133 0.119469 0.0120872 0.272438 0.000420576 1.5634 0.574886 52.2373 3.71787e-06 0.0109235 44.0578 100.0
1000.00 820.00 2.217813 3.946639 -27899.982609 0.762591 4.074702 -2.620 1.13439 0.114787 0.0116486 0.269233 0.000384224 1.53712 0.570496 52.2674 3.41604e-06 0.0105329 44.084 100.0
1000.00 815.00 2.216522 3.925067 -27908.805690 0.762218 4.072964 -2.621 1.11778 0.110279 0.0112242 0.266082 0.000350888 1.51127 0.566187 52.297 3.13686e-06 0.0101545 44.1096 100.0
1000.00 810.00 2.215259 3.903485 -27917.866610 0.761854 4.071262 -2.622 1.1015 0.105937 0.0108134 0.262985 0.000320324 1.48584 0.561958 52.3261 2.87876e-06 0.009788 44.1348 100.0
1000.00 805.00 2.214022 3.881891 -27927.159266 0.761497 4.069597 -2.624 1.08555 0.101755 0.0104159 0.259941 0.000292311 1.46081 0.557809 52.3545 2.64025e-06 0.00943295 44.1595 100.0
1000.00 800.00 2.212810 3.860281 -27936.677840 0.761148 4.067967 -2.625 1.06992 0.0977274 0.0100312 0.25695 0.000266642 1.43618 0.55374 52.3825 2.41998e-06 0.00908903 44.1836 100.0

spinel_0 thermodynamic data and composition:
Pressure Temperature mass S H V Cp formula SiO2 TiO2 Al2O3 Fe2O3 FeO MnO MgO CaO Na2O K2O P2O5
1000.00 1065.00 0.500925 1.036795 -2790.083681 0.106395 0.460477 Fe''1.37Mg0.17Fe'''0.80Al0.11Cr0.00Ti0.55O4 0 19.9484 2.65806 29.0587 45.1562 0 3.17871 0 0 0 0
1000.00 1060.00 0.962439 1.988531 -5379.510122 0.204387 0.883727 Fe''1.40Mg0.17Fe'''0.76Al0.11Cr0.00Ti0.56O4 0 20.6128 2.55672 27.8481 45.8915 0 3.09088 0 0 0 0
1000.00 1055.00 1.387235 2.861022 -7778.128153 0.294543 1.272372 Fe''1.42Mg0.16Fe'''0.73Al0.11Cr0.00Ti0.58O4 0 21.2116 2.46382 26.7563 46.561 0 3.00726 0 0 0 0
1000.00 1050.00 1.778094 3.660292 -9997.271625 0.377450 1.629098 Fe''1.44Mg0.16Fe'''0.71Al0.10Cr0.00Ti0.60O4 0 21.7511 2.37835 25.7725 47.1704 0 2.92756 0 0 0 0
1000.00 1045.00 2.137771 4.392322 -12049.051018 0.453694 1.956552 Fe''1.45Mg0.15Fe'''0.68Al0.10Cr0.00Ti0.61O4 0 22.2374 2.29943 24.8859 47.7258 0 2.8516 0 0 0 0
1000.00 1040.00 2.468913 5.062872 -13945.786574 0.523837 2.257267 Fe''1.47Mg0.15Fe'''0.66Al0.10Cr0.00Ti0.62O4 0 22.6762 2.22629 24.0858 48.2325 0 2.77923 0 0 0 0
1000.00 1035.00 2.774017 5.677371 -15699.590707 0.588412 2.533626 Fe''1.49Mg0.15Fe'''0.64Al0.09Cr0.00Ti0.63O4 0 23.0731 2.15826 23.3626 48.6957 0 2.71034 0 0 0 0
1000.00 1030.00 3.055397 6.240860 -17322.090813 0.647916 2.787831 Fe''1.50Mg0.14Fe'''0.62Al0.09Cr0.00Ti0.64O4 0 23.4327 2.09476 22.7077 49.12 0 2.64482 0 0 0 0
1000.00 1025.00 3.317122 6.761934 -18835.727509 0.703217 3.023677 Fe''1.51Mg0.14Fe'''0.61Al0.09Cr0.00Ti0.65O4 0 23.7621 2.03502 22.1089 49.5113 0 2.58282 0 0 0 0
1000.00 1020.00 3.225606 6.559712 -18253.352725 0.682977 2.936370 Fe''1.52Mg0.13Fe'''0.61Al0.09Cr0.00Ti0.65O4 0 23.631 1.99847 22.3435 49.5577 0 2.46938 0 0 0 0
1000.00 1015.00 3.044285 6.175668 -17147.005210 0.643662 2.767598 Fe''1.52Mg0.13Fe'''0.63Al0.08Cr0.00Ti0.64O4 0 23.371 1.96906 22.8155 49.4945 0 2.34996 0 0 0 0
1000.00 1010.00 2.863691 5.795004 -16055.280924 0.604635 2.600142 Fe''1.51Mg0.12Fe'''0.64Al0.08Cr0.00Ti0.64O4 0 23.0961 1.9413 23.3187 49.405 0 2.23886 0 0 0 0
1000.00 1005.00 2.685109 5.420267 -14984.925928 0.566160 2.435116 Fe''1.51Mg0.12Fe'''0.66Al0.08Cr0.00Ti0.63O4 0 22.8067 1.91507 23.8524 49.2904 0 2.13548 0 0 0 0
1000.00 1000.00 2.509783 5.053902 -13942.420551 0.528490 2.273592 Fe''1.51Mg0.11Fe'''0.67Al0.08Cr0.00Ti0.62O4 0 22.5031 1.89025 24.4156 49.1518 0 2.03929 0 0 0 0
1000.00 995.00 2.338880 4.698181 -12933.782252 0.491862 2.116573 Fe''1.51Mg0.11Fe'''0.69Al0.08Cr0.00Ti0.61O4 0 22.1861 1.86672 25.0067 48.9907 0 1.94977 0 0 0 0
1000.00 990.00 2.173454 4.355135 -11964.358747 0.456490 1.964958 Fe''1.50Mg0.10Fe'''0.71Al0.08Cr0.00Ti0.61O4 0 21.8568 1.84437 25.6236 48.8087 0 1.86645 0 0 0 0
1000.00 985.00 2.014416 4.026494 -11038.649567 0.422557 1.819522 Fe''1.50Mg0.10Fe'''0.73Al0.08Cr0.00Ti0.60O4 0 21.5163 1.82308 26.2639 48.6078 0 1.7889 0 0 0 0
1000.00 980.00 1.862513 3.713642 -10160.181692 0.390211 1.680886 Fe''1.49Mg0.09Fe'''0.75Al0.08Cr0.00Ti0.59O4 0 21.1661 1.80277 26.9247 48.3897 0 1.71667 0 0 0 0
1000.00 975.00 1.718309 3.417595 -9331.451547 0.359561 1.549514 Fe''1.49Mg0.09Fe'''0.77Al0.08Cr0.00Ti0.58O4 0 20.8078 1.78333 27.603 48.1566 0 1.64938 0 0 0 0
1000.00 970.00 1.582158 3.138936 -8553.722152 0.330675 1.425680 Fe''1.48Mg0.09Fe'''0.79Al0.08Cr0.00Ti0.57O4 0 20.4424 1.76468 28.2963 47.9099 0 1.58673 0 0 0 0
1000.00 965.00 1.452686 2.874832 -7817.233140 0.303256 1.308184 Fe''1.47Mg0.08Fe'''0.81Al0.08Cr0.00Ti0.56O4 0 20.0325 1.74692 29.0808 47.6039 0 1.53587 0 0 0 0
1000.00 960.00 1.334269 2.633822 -7147.335747 0.278213 1.200832 Fe''1.46Mg0.08Fe'''0.83Al0.08Cr0.00Ti0.55O4 0 19.6267 1.72963 29.8587 47.2968 0 1.48822 0 0 0 0
1000.00 955.00 1.226165 2.414288 -6539.045654 0.255381 1.102921 Fe''1.46Mg0.08Fe'''0.85Al0.07Cr0.00Ti0.54O4 0 19.2258 1.71275 30.6282 46.9898 0 1.44353 0 0 0 0
1000.00 950.00 1.127640 2.214639 -5987.525040 0.234598 1.013763 Fe''1.45Mg0.08Fe'''0.88Al0.07Cr0.00Ti0.53O4 0 18.8307 1.69624 31.3875 46.684 0 1.40153 0 0 0 0
1000.00 945.00 1.037983 2.033342 -5488.153281 0.215710 0.932693 Fe''1.44Mg0.08Fe'''0.90Al0.07Cr0.00Ti0.51O4 0 18.442 1.68007 32.1353 46.3806 0 1.36199 0 0 0 0
1000.00 940.00 0.956514 1.868938 -5036.572866 0.198567 0.859079 Fe''1.43Mg0.07Fe'''0.92Al0.07Cr0.00Ti0.50O4 0 18.0604 1.66422 32.8705 46.0802 0 1.32472 0 0 0 0
1000.00 935.00 0.952096 1.855970 -5001.464281 0.197507 0.854794 Fe''1.42Mg0.07Fe'''0.93Al0.07Cr0.00Ti0.50O4 0 17.7955 1.65784 33.379 45.8618 0 1.30585 0 0 0 0
1000.00 930.00 0.858826 1.669602 -4489.595683 0.177943 0.770703 Fe''1.42Mg0.07Fe'''0.96Al0.07Cr0.00Ti0.49O4 0 17.3518 1.64126 34.2328 45.5089 0 1.2652 0 0 0 0
1000.00 925.00 0.765410 1.483927 -3982.252826 0.158400 0.686572 Fe''1.41Mg0.07Fe'''0.98Al0.07Cr0.00Ti0.47O4 0 16.9157 1.62526 35.0725 45.1601 0 1.2264 0 0 0 0
1000.00 920.00 0.683838 1.322198 -3542.406998 0.141361 0.613149 Fe''1.40Mg0.07Fe'''1.00Al0.07Cr0.00Ti0.46O4 0 16.5086 1.61113 35.8561 44.8324 0 1.19177 0 0 0 0
1000.00 915.00 0.613739 1.183491 -3166.654143 0.126739 0.550081 Fe''1.39Mg0.06Fe'''1.03Al0.07Cr0.00Ti0.45O4 0 16.1282 1.59868 36.5881 44.5243 0 1.16068 0 0 0 0
1000.00 910.00 0.554195 1.065841 -2849.008994 0.114331 0.496527 Fe''1.38Mg0.06Fe'''1.05Al0.07Cr0.00Ti0.44O4 0 15.7716 1.58776 37.2741 44.234 0 1.13256 0 0 0 0
1000.00 905.00 0.504088 0.966929 -2582.721900 0.103898 0.451472 Fe''1.37Mg0.06Fe'''1.06Al0.07Cr0.00Ti0.43O4 0 15.4359 1.57825 37.9194 43.9595 0 1.1069 0 0 0 0
1000.00 900.00 0.462261 0.884384 -2361.063587 0.095193 0.413866 Fe''1.36Mg0.06Fe'''1.08Al0.07Cr0.00Ti0.42O4 0 15.1183 1.57007 38.5292 43.699 0 1.08332 0 0 0 0
1000.00 895.00 0.282478 0.538765 -1434.067413 0.058090 0.252828 Fe''1.35Mg0.06Fe'''1.12Al0.07Cr0.00Ti0.41O4 0 14.5145 1.57432 39.6716 43.1897 0 1.04989 0 0 0 0
1000.00 890.00 0.084415 0.160493 -425.824947 0.017335 0.075533 Fe''1.33Mg0.06Fe'''1.15Al0.07Cr0.00Ti0.39O4 0 13.8704 1.5811 40.8908 42.6374 0 1.02027 0 0 0 0
1000.00 885.00 0.108861 0.206472 -548.355778 0.022342 0.097375 Fe''1.33Mg0.06Fe'''1.16Al0.07Cr0.00Ti0.39O4 0 13.6897 1.57537 41.2392 42.4888 0 1.00696 0 0 0 0
1000.00 880.00 0.133202 0.252024 -670.014260 0.027322 0.119108 Fe''1.32Mg0.06Fe'''1.17Al0.07Cr0.00Ti0.38O4 0 13.5104 1.56954 41.585 42.3414 0 0.993727 0 0 0 0
1000.00 875.00 0.157431 0.297139 -790.777136 0.032273 0.140727 Fe''1.32Mg0.05Fe'''1.18Al0.07Cr0.00Ti0.38O4 0 13.3325 1.56361 41.9282 42.1951 0 0.980581 0 0 0 0
1000.00 870.00 0.181543 0.341806 -910.623719 0.037195 0.162227 Fe''1.32Mg0.05Fe'''1.19Al0.07Cr0.00Ti0.37O4 0 13.1561 1.55758 42.2687 42.0501 0 0.967521 0 0 0 0
1000.00 865.00 0.205532 0.386016 -1029.535669 0.042086 0.183604 Fe''1.31Mg0.05Fe'''1.20Al0.07Cr0.00Ti0.37O4 0 12.9811 1.55147 42.6065 41.9063 0 0.954546 0 0 0 0
1000.00 860.00 0.229394 0.429760 -1147.496784 0.046945 0.204852 Fe''1.31Mg0.05Fe'''1.21Al0.07Cr0.00Ti0.36O4 0 12.8077 1.54526 42.9417 41.7637 0 0.941658 0 0 0 0
1000.00 855.00 0.253125 0.473031 -1264.492812 0.051772 0.225968 Fe''1.30Mg0.05Fe'''1.22Al0.07Cr0.00Ti0.36O4 0 12.6357 1.53896 43.274 41.6224 0 0.928858 0 0 0 0
1000.00 850.00 0.276718 0.515821 -1380.511277 0.056566 0.246947 Fe''1.30Mg0.05Fe'''1.23Al0.07Cr0.00Ti0.35O4 0 12.4653 1.53258 43.6036 41.4823 0 0.916146 0 0 0 0
1000.00 845.00 0.300172 0.558123 -1495.541307 0.061326 0.267788 Fe''1.30Mg0.05Fe'''1.24Al0.07Cr0.00Ti0.35O4 0 12.2964 1.52611 43.9305 41.3435 0 0.903523 0 0 0 0
1000.00 840.00 0.323482 0.599933 -1609.573492 0.066051 0.288485 Fe''1.29Mg0.05Fe'''1.25Al0.07Cr0.00Ti0.34O4 0 12.1289 1.51957 44.2545 41.206 0 0.890988 0 0 0 0
1000.00 835.00 0.356993 0.660498 -1775.823495 0.072863 0.318254 Fe''1.29Mg0.05Fe'''1.25Al0.07Cr0.00Ti0.34O4 0 12.0672 1.51448 44.3701 41.175 0 0.873263 0 0 0 0
1000.00 830.00 0.379266 0.699896 -1884.143595 0.077365 0.337994 Fe''1.29Mg0.05Fe'''1.26Al0.07Cr0.00Ti0.34O4 0 11.8994 1.50778 44.6953 41.0366 0 0.860974 0 0 0 0
1000.00 825.00 0.401416 0.738848 -1991.599953 0.081838 0.357610 Fe''1.28Mg0.05Fe'''1.27Al0.07Cr0.00Ti0.33O4 0 11.7331 1.501 45.0175 40.8996 0 0.848775 0 0 0 0
1000.00 820.00 0.423439 0.777350 -2098.180773 0.086279 0.377099 Fe''1.28Mg0.05Fe'''1.28Al0.07Cr0.00Ti0.33O4 0 11.5685 1.49415 45.3368 40.7639 0 0.836666 0 0 0 0
1000.00 815.00 0.445333 0.815394 -2203.875612 0.090690 0.396457 Fe''1.28Mg0.05Fe'''1.29Al0.07Cr0.00Ti0.32O4 0 11.4055 1.48723 45.6531 40.6296 0 0.824649 0 0 0 0
1000.00 810.00 0.467092 0.852975 -2308.675167 0.095069 0.415680 Fe''1.27Mg0.05Fe'''1.30Al0.07Cr0.00Ti0.32O4 0 11.2441 1.48024 45.9663 40.4966 0 0.812721 0 0 0 0
1000.00 805.00 0.488714 0.890088 -2412.571043 0.099415 0.434766 Fe''1.27Mg0.04Fe'''1.31Al0.07Cr0.00Ti0.31O4 0 11.0843 1.47318 46.2767 40.365 0 0.800884 0 0 0 0
1000.00 800.00 0.510196 0.926729 -2515.555949 0.103727 0.453712 Fe''1.26Mg0.04Fe'''1.32Al0.06Cr0.00Ti0.31O4 0 10.9261 1.46606 46.5841 40.2346 0 0.789137 0 0 0 0

feldspar_0 thermodynamic data and composition:
Pressure Temperature mass S H V Cp formula SiO2 TiO2 Al2O3 Fe2O3 FeO MnO MgO CaO Na2O K2O P2O5
1000.00 1070.00 0.000066 0.000157 -0.919959 0.000025 0.000081 K0.01Na0.43Ca0.56Al1.56Si2.44O8 54.0485 0 29.2865 0 0 0 0 11.5502 4.88756 0.227209 0
1000.00 1065.00 1.342046 3.178880 -18627.112401 0.509502 1.637810 K0.01Na0.43Ca0.55Al1.55Si2.45O8 54.2056 0 29.1794 0 0 0 0 11.4251 4.9567 0.233204 0
1000.00 1060.00 2.613753 6.181712 -36289.849061 0.992610 3.188407 K0.01Na0.44Ca0.55Al1.55Si2.45O8 54.3543 0 29.0778 0 0 0 0 11.3066 5.02194 0.239249 0
1000.00 1055.00 3.817620 9.014898 -53022.169142 1.450215 4.654914 K0.01Na0.44Ca0.54Al1.54Si2.46O8 54.4956 0 28.9813 0 0 0 0 11.1941 5.0837 0.245331 0
1000.00 1050.00 4.956652 11.686058 -68865.089414 1.883413 6.041074 K0.01Na0.45Ca0.54Al1.54Si2.46O8 54.6302 0 28.8893 0 0 0 0 11.0868 5.14235 0.251435 0
1000.00 1045.00 6.034149 14.203505 -83863.722479 2.293414 7.350986 K0.01Na0.45Ca0.53Al1.53Si2.47O8 54.7587 0 28.8014 0 0 0 0 10.9842 5.1982 0.257549 0
1000.00 1040.00 7.053527 16.575808 -98064.812717 2.681483 8.588889 K0.02Na0.46Ca0.53Al1.53Si2.47O8 54.8817 0 28.7171 0 0 0 0 10.886 5.25151 0.263659 0
1000.00 1035.00 8.018193 18.811493 -111515.008251 3.048884 9.759006 K0.02Na0.46Ca0.52Al1.52Si2.48O8 54.9997 0 28.6362 0 0 0 0 10.7918 5.30252 0.269756 0
1000.00 1030.00 8.931460 20.918844 -124259.732834 3.396852 10.865445 K0.02Na0.47Ca0.52Al1.52Si2.48O8 55.1132 0 28.5585 0 0 0 0 10.7011 5.3514 0.27583 0
1000.00 1025.00 9.797211 22.907441 -136352.315594 3.726842 11.912994 K0.02Na0.47Ca0.51Al1.51Si2.49O8 55.2223 0 28.4836 0 0 0 0 10.6139 5.39829 0.281943 0
1000.00 1020.00 10.699604 24.972544 -148965.475363 4.070560 13.003724 K0.02Na0.47Ca0.51Al1.51Si2.49O8 55.3025 0 28.428 0 0 0 0 10.5493 5.43111 0.289164 0
1000.00 1015.00 11.570793 26.956387 -161154.066621 4.402385 14.140294 K0.02Na0.48Ca0.51Al1.51Si2.49O8 55.3759 0 28.3768 0 0 0 0 10.4899 5.4607 0.296636 0
1000.00 1010.00 12.392676 28.817902 -172664.643249 4.715507 15.137829 K0.02Na0.48Ca0.50Al1.50Si2.50O8 55.4495 0 28.3256 0 0 0 0 10.4305 5.49033 0.304082 0
1000.00 1005.00 13.168928 30.566191 -183547.674434 5.011316 16.078716 K0.02Na0.48Ca0.50Al1.50Si2.50O8 55.5228 0 28.2745 0 0 0 0 10.3713 5.51989 0.311493 0
1000.00 1000.00 13.902787 32.209281 -193847.628833 5.291035 16.966973 K0.02Na0.48Ca0.50Al1.50Si2.50O8 55.5958 0 28.2237 0 0 0 0 10.3124 5.54929 0.318862 0
1000.00 995.00 14.597139 33.754337 -203604.179810 5.555756 17.806189 K0.02Na0.49Ca0.49Al1.49Si2.51O8 55.6681 0 28.1734 0 0 0 0 10.2539 5.57843 0.32618 0
1000.00 990.00 15.254596 35.207835 -212853.174184 5.806462 18.599604 K0.02Na0.49Ca0.49Al1.49Si2.51O8 55.7396 0 28.1236 0 0 0 0 10.1961 5.60724 0.333435 0
1000.00 985.00 15.877543 36.575692 -221627.386287 6.044055 19.350182 K0.02Na0.49Ca0.49Al1.49Si2.51O8 55.8102 0 28.0744 0 0 0 0 10.1391 5.63565 0.340621 0
1000.00 980.00 16.468183 37.863366 -229957.084823 6.269364 20.060657 K0.02Na0.49Ca0.49Al1.49Si2.51O8 55.8796 0 28.0261 0 0 0 0 10.083 5.66357 0.347726 0
1000.00 975.00 17.028565 39.075928 -237870.442217 6.483161 20.733574 K0.02Na0.50Ca0.48Al1.48Si2.52O8 55.9478 0 27.9786 0 0 0 0 10.028 5.69096 0.354742 0
1000.00 970.00 17.560840 40.218642 -245397.116835 6.686258 21.371598 K0.02Na0.50Ca0.48Al1.48Si2.52O8 56.0144 0 27.9321 0 0 0 0 9.97407 5.71774 0.361652 0
1000.00 965.00 18.086295 41.339744 -252836.181121 6.886613 22.000531 K0.02Na0.50Ca0.48Al1.48Si2.52O8 56.0727 0 27.8915 0 0 0 0 9.92699 5.7413 0.367436 0
1000.00 960.00 18.583183 42.390413 -259881.583566 7.076080 22.594076 K0.02Na0.50Ca0.48Al1.48Si2.52O8 56.1298 0 27.8518 0 0 0 0 9.88094 5.76433 0.373121 0
1000.00 955.00 19.053776 43.376159 -266564.676370 7.255518 23.155039 K0.02Na0.50Ca0.47Al1.47Si2.53O8 56.1854 0 27.8131 0 0 0 0 9.83598 5.78679 0.378701 0
1000.00 950.00 19.500118 44.301944 -272913.695699 7.425702 23.685950 K0.02Na0.51Ca0.47Al1.47Si2.53O8 56.2397 0 27.7753 0 0 0 0 9.79219 5.80864 0.384172 0
1000.00 945.00 19.924054 45.172240 -278954.093364 7.587328 24.189089 K0.02Na0.51Ca0.47Al1.47Si2.53O8 56.2924 0 27.7386 0 0 0 0 9.74961 5.82987 0.389533 0
1000.00 940.00 20.327246 45.991081 -284708.834376 7.741028 24.666516 K0.02Na0.51Ca0.47Al1.47Si2.53O8 56.3435 0 27.703 0 0 0 0 9.70826 5.85044 0.394781 0
1000.00 935.00 22.449922 50.691684 -314495.407931 8.550538 27.225502 K0.03Na0.51Ca0.46Al1.46Si2.54O8 56.419 0 27.6384 0 0 0 0 9.63733 5.8491 0.456256 0
1000.00 930.00 24.268773 54.682450 -340034.096226 9.243655 29.411089 K0.03Na0.51Ca0.46Al1.46Si2.54O8 56.4588 0 27.5961 0 0 0 0 9.59316 5.82698 0.525015 0
1000.00 925.00 25.726665 57.843304 -360519.370878 9.799371 31.156311 K0.03Na0.51Ca0.46Al1.46Si2.54O8 56.4985 0 27.5532 0 0 0 0 9.5485 5.80293 0.596941 0
1000.00 920.00 26.944684 60.451360 -377642.505602 10.263892 32.608562 K0.04Na0.50Ca0.46Al1.46Si2.54O8 56.5406 0 27.5075 0 0 0 0 9.50099 5.77718 0.673692 0
1000.00 915.00 27.986793 62.653053 -392297.112860 10.661572 33.845705 K0.04Na0.50Ca0.46Al1.46Si2.54O8 56.5846 0 27.4594 0 0 0 0 9.45106 5.7491 0.75583 0
1000.00 910.00 28.899244 64.554085 -405128.908196 11.010037 34.923992 K0.05Na0.50Ca0.45Al1.45Si2.55O8 56.6301 0 27.4089 0 0 0 0 9.39875 5.71813 0.844086 0
1000.00 905.00 29.717109 66.234379 -416626.779981 11.322667 35.886011 K0.05Na0.50Ca0.45Al1.45Si2.55O8 56.6774 0 27.3556 0 0 0 0 9.34374 5.68379 0.939442 0
1000.00 900.00 30.468426 67.757565 -427180.645421 11.610185 36.765721 K0.06Na0.49Ca0.45Al1.45Si2.55O8 56.727 0 27.2989 0 0 0 0 9.2854 5.64551 1.04324 0
1000.00 895.00 31.281115 69.321162 -438846.256019 11.903424 37.699970 K0.06Na0.47Ca0.46Al1.46Si2.54O8 56.2864 0 27.5913 0 0 0 0 9.62946 5.43049 1.06227 0
1000.00 890.00 31.805307 70.199330 -446683.362118 12.078257 38.283735 K0.06Na0.45Ca0.49Al1.49Si2.51O8 55.6458 0 28.0416 0 0 0 0 10.1504 5.18328 0.97889 0
1000.00 885.00 31.789005 69.997457 -446674.613842 12.070046 38.244826 K0.06Na0.45Ca0.49Al1.49Si2.51O8 55.6363 0 28.0519 0 0 0 0 10.1612 5.18914 0.961507 0
1000.00 880.00 31.773435 69.796746 -446675.442739 12.062128 38.206911 K0.05Na0.45Ca0.49Al1.49Si2.51O8 55.627 0 28.062 0 0 0 0 10.1716 5.19499 0.944338 0
1000.00 875.00 31.758577 69.597138 -446685.602370 12.054495 38.169992 K0.05Na0.45Ca0.49Al1.49Si2.51O8 55.618 0 28.0719 0 0 0 0 10.1819 5.20083 0.927381 0
1000.00 870.00 31.744412 69.398576 -446704.853313 12.047140 38.134077 K0.05Na0.46Ca0.49Al1.49Si2.51O8 55.6093 0 28.0815 0 0 0 0 10.1919 5.20666 0.910633 0
1000.00 865.00 31.730922 69.201004 -446732.962822 12.040057 38.099177 K0.05Na0.46Ca0.49Al1.49Si2.51O8 55.6008 0 28.091 0 0 0 0 10.2016 5.21248 0.894093 0
1000.00 860.00 31.718091 69.004367 -446769.704492 12.033237 38.065308 K0.05Na0.46Ca0.49Al1.49Si2.51O8 55.5926 0 28.1002 0 0 0 0 10.2112 5.21829 0.877757 0
1000.00 855.00 31.705901 68.808613 -446814.857955 12.026674 38.032493 K0.05Na0.46Ca0.49Al1.49Si2.51O8 55.5845 0 28.1092 0 0 0 0 10.2205 5.22409 0.861625 0
1000.00 850.00 31.694335 68.613689 -446868.208590 12.020361 38.000757 K0.05Na0.46Ca0.49Al1.49Si2.51O8 55.5768 0 28.1181 0 0 0 0 10.2296 5.22989 0.845694 0
1000.00 845.00 31.683378 68.419543 -446929.547255 12.014293 37.970136 K0.05Na0.46Ca0.49Al1.49Si2.51O8 55.5692 0 28.1267 0 0 0 0 10.2385 5.23567 0.829962 0
1000.00 840.00 31.673014 68.226123 -446998.670038 12.008462 37.940670 K0.05Na0.46Ca0.49Al1.49Si2.51O8 55.5619 0 28.1351 0 0 0 0 10.2471 5.24144 0.814428 0
1000.00 835.00 31.668434 68.044464 -447149.110997 12.004816 37.918613 K0.05Na0.46Ca0.50Al1.50Si2.50O8 55.5542 0 28.1437 0 0 0 0 10.256 5.24697 0.799043 0
1000.00 830.00 31.659076 67.852033 -447231.365586 11.999391 37.891456 K0.05Na0.46Ca0.50Al1.50Si2.50O8 55.5473 0 28.1518 0 0 0 0 10.2643 5.25271 0.783898 0
1000.00 825.00 31.650266 67.660183 -447320.824304 11.994185 37.865636 K0.04Na0.46Ca0.50Al1.50Si2.50O8 55.5407 0 28.1596 0 0 0 0 10.2723 5.25844 0.768945 0
1000.00 820.00 31.641990 67.468863 -447417.300513 11.989193 37.841239 K0.04Na0.46Ca0.50Al1.50Si2.50O8 55.5342 0 28.1673 0 0 0 0 10.2801 5.26417 0.754181 0
1000.00 815.00 31.634234 67.278026 -447520.614384 11.984408 37.818364 K0.04Na0.46Ca0.50Al1.50Si2.50O8 55.528 0 28.1748 0 0 0 0 10.2878 5.26988 0.739606 0
1000.00 810.00 31.626983 67.087622 -447630.586519 11.979826 37.797131 K0.04Na0.46Ca0.50Al1.50Si2.50O8 55.522 0 28.182 0 0 0 0 10.2952 5.27557 0.725218 0
1000.00 805.00 31.620224 66.897602 -447747.045093 11.975440 37.777678 K0.04Na0.46Ca0.50Al1.50Si2.50O8 55.5162 0 28.1892 0 0 0 0 10.3024 5.28126 0.711015 0
1000.00 800.00 31.613943 66.707919 -447869.820120 11.971245 37.760169 K0.04Na0.46Ca0.50Al1.50Si2.50O8 55.5106 0 28.1961 0 0 0 0 10.3094 5.28693 0.696996 0

whitlockite thermodynamic data and composition:
Pressure Temperature mass S H V Cp formula
1000.00 1025.00 0.018108 0.040314 -219.372874 0.005699 0.024715 Ca3(PO4)2
1000.00 1020.00 0.073786 0.163879 -894.386074 0.023222 0.100417 Ca3(PO4)2
1000.00 1015.00 0.127755 0.283072 -1549.433125 0.040207 0.173367 Ca3(PO4)2
1000.00 1010.00 0.176495 0.390137 -2141.756789 0.055546 0.238824 Ca3(PO4)2
1000.00 1005.00 0.220567 0.486394 -2678.060947 0.069416 0.297610 Ca3(PO4)2
1000.00 1000.00 0.260442 0.572951 -3163.964409 0.081966 0.350415 Ca3(PO4)2
1000.00 995.00 0.296518 0.650745 -3604.213485 0.093319 0.397822 Ca3(PO4)2
1000.00 990.00 0.329132 0.720579 -4002.848032 0.103584 0.440331 Ca3(PO4)2
1000.00 985.00 0.358575 0.783141 -4363.331579 0.112850 0.478371 Ca3(PO4)2
1000.00 980.00 0.385099 0.839027 -4688.653285 0.121198 0.512312 Ca3(PO4)2
1000.00 975.00 0.408921 0.888757 -4981.407714 0.128695 0.542480 Ca3(PO4)2
1000.00 970.00 0.430302 0.932938 -5244.710236 0.135424 0.569248 Ca3(PO4)2
1000.00 965.00 0.455569 0.985295 -5555.693614 0.143376 0.600995 Ca3(PO4)2
1000.00 960.00 0.478129 1.031538 -5833.962360 0.150476 0.629004 Ca3(PO4)2
1000.00 955.00 0.498197 1.072174 -6082.090093 0.156791 0.653587 Ca3(PO4)2
1000.00 950.00 0.515956 1.107637 -6302.281420 0.162381 0.675016 Ca3(PO4)2
1000.00 945.00 0.531566 1.138302 -6496.423424 0.167293 0.693521 Ca3(PO4)2
1000.00 940.00 0.545161 1.164494 -6666.128348 0.171572 0.709305 Ca3(PO4)2
1000.00 935.00 0.738020 1.572492 -9029.168069 0.232268 0.957601 Ca3(PO4)2
1000.00 930.00 0.891426 1.894560 -10911.750361 0.280547 1.153488 Ca3(PO4)2
1000.00 925.00 1.013814 2.149219 -12416.431535 0.319065 1.308282 Ca3(PO4)2
1000.00 920.00 1.116550 2.360995 -13681.856892 0.351398 1.436943 Ca3(PO4)2
1000.00 915.00 1.204443 2.540348 -14766.613146 0.379060 1.545857 Ca3(PO4)2
1000.00 910.00 1.281011 2.694918 -15713.557131 0.403157 1.639688 Ca3(PO4)2
1000.00 905.00 1.348964 2.830569 -16555.715300 0.424543 1.722014 Ca3(PO4)2
1000.00 900.00 1.410499 2.952043 -17319.925414 0.443909 1.795730 Ca3(PO4)2
1000.00 895.00 1.742816 3.638086 -21411.615273 0.548495 2.212864 Ca3(PO4)2
1000.00 890.00 2.136508 4.448290 -26261.930278 0.672397 2.705491 Ca3(PO4)2
1000.00 885.00 2.136508 4.436651 -26275.439701 0.672397 2.698284 Ca3(PO4)2
1000.00 880.00 2.136508 4.424992 -26288.913188 0.672397 2.691117 Ca3(PO4)2
1000.00 875.00 2.136508 4.413313 -26302.350936 0.672397 2.683989 Ca3(PO4)2
1000.00 870.00 2.136508 4.401615 -26315.753141 0.672397 2.676899 Ca3(PO4)2
1000.00 865.00 2.136508 4.389896 -26329.119995 0.672397 2.669849 Ca3(PO4)2
1000.00 860.00 2.136508 4.378157 -26342.451692 0.672397 2.662836 Ca3(PO4)2
1000.00 855.00 2.136508 4.366397 -26355.748422 0.672397 2.655862 Ca3(PO4)2
1000.00 850.00 2.136508 4.354615 -26369.010374 0.672397 2.648925 Ca3(PO4)2
1000.00 845.00 2.136508 4.342812 -26382.237737 0.672397 2.642026 Ca3(PO4)2
1000.00 840.00 2.136508 4.330987 -26395.430697 0.672397 2.635164 Ca3(PO4)2

clinopyroxene_1 thermodynamic data and composition:
Pressure Temperature mass S H V Cp structure formula SiO2 TiO2 Al2O3 Fe2O3 FeO MnO MgO CaO Na2O K2O P2O5
1000.00 1065.00 0.320784 0.722660 -3603.864638 0.094033 0.370860 cpx Na0.01Ca0.25Fe''0.74Mg0.92Fe'''0.05Ti0.01Al0.12Si1.92O6 50.091 0.202274 2.58845 1.64476 23.2618 0 16.1361 5.99544 0.0801593 0 0
1000.00 1060.00 0.576412 1.294623 -6449.197012 0.168633 0.664762 cpx Na0.01Ca0.24Fe''0.76Mg0.91Fe'''0.05Ti0.01Al0.11Si1.92O6 50.0294 0.196542 2.54003 1.58886 23.7902 0 15.8465 5.92974 0.07871 0 0
1000.00 1055.00 0.778344 1.742940 -8673.945666 0.227272 0.895505 cpx Na0.01Ca0.24Fe''0.78Mg0.89Fe'''0.04Ti0.01Al0.11Si1.92O6 49.9694 0.190809 2.49316 1.53719 24.3003 0 15.5687 5.86321 0.0772694 0 0
1000.00 1050.00 0.936352 2.090556 -10394.705930 0.272899 1.074797 cpx Na0.01Ca0.24Fe''0.80Mg0.88Fe'''0.04Ti0.01Al0.11Si1.92O6 49.9108 0.185147 2.44785 1.48936 24.7926 0 15.3023 5.79613 0.0758454 0 0
1000.00 1045.00 1.058513 2.356358 -11707.177027 0.307943 1.212274 cpx Na0.01Ca0.24Fe''0.81Mg0.86Fe'''0.04Ti0.01Al0.11Si1.92O6 49.8538 0.179608 2.40404 1.445 25.2675 0 15.0469 5.72874 0.0744432 0 0
1000.00 1040.00 1.151414 2.555697 -12688.941735 0.334380 1.315768 cpx Na0.01Ca0.23Fe''0.83Mg0.85Fe'''0.04Ti0.01Al0.11Si1.92O6 49.7984 0.174226 2.36169 1.40374 25.7255 0 14.8022 5.66124 0.0730664 0 0
1000.00 1035.00 1.220387 2.700961 -13402.459111 0.353804 1.391601 cpx Na0.01Ca0.23Fe''0.85Mg0.84Fe'''0.04Ti0.00Al0.11Si1.92O6 49.7447 0.169026 2.32072 1.36523 26.167 0 14.5679 5.59379 0.0717171 0 0
1000.00 1030.00 1.269734 2.802117 -13897.861976 0.367500 1.444856 cpx Na0.01Ca0.23Fe''0.86Mg0.83Fe'''0.04Ti0.00Al0.10Si1.93O6 49.6928 0.16402 2.28107 1.32919 26.5923 0 14.3437 5.52652 0.0703967 0 0
1000.00 1025.00 1.299931 2.860601 -14182.793592 0.375636 1.476228 cpx Na0.01Ca0.23Fe''0.88Mg0.82Fe'''0.04Ti0.00Al0.10Si1.93O6 49.643 0.159234 2.24252 1.29516 27.0015 0 14.13 5.45949 0.0690991 0 0
1000.00 1020.00 1.417754 3.110132 -15397.036035 0.408797 1.605665 cpx Na0.01Ca0.23Fe''0.90Mg0.80Fe'''0.04Ti0.00Al0.10Si1.93O6 49.5361 0.152424 2.21885 1.29953 27.5118 0 13.8161 5.39712 0.0680416 0 0
1000.00 1015.00 1.565304 3.422894 -16916.832881 0.450321 1.767743 cpx Na0.01Ca0.22Fe''0.91Mg0.78Fe'''0.04Ti0.00Al0.10Si1.93O6 49.4173 0.14551 2.19919 1.31406 28.0353 0 13.4858 5.33588 0.0670734 0 0
1000.00 1010.00 1.714861 3.738111 -18446.105557 0.492264 1.931301 cpx Na0.01Ca0.22Fe''0.93Mg0.77Fe'''0.04Ti0.00Al0.10Si1.93O6 49.3026 0.139069 2.17975 1.3289 28.54 0 13.1688 5.27477 0.0661359 0 0
1000.00 1005.00 1.864366 4.051317 -19963.682673 0.534047 2.094064 cpx Na0.00Ca0.22Fe''0.95Mg0.75Fe'''0.04Ti0.00Al0.10Si1.93O6 49.1925 0.133059 2.1605 1.34388 29.0247 0 12.8661 5.21397 0.065227 0 0
1000.00 1000.00 2.011965 4.358546 -21450.984374 0.575151 2.254011 cpx Na0.00Ca0.22Fe''0.97Mg0.74Fe'''0.04Ti0.00Al0.10Si1.93O6 49.0875 0.127442 2.14138 1.35881 29.4888 0 12.5782 5.15359 0.0643443 0 0
1000.00 995.00 2.156016 4.656345 -22892.039954 0.615123 2.409383 cpx Na0.00Ca0.21Fe''0.99Mg0.72Fe'''0.04Ti0.00Al0.10Si1.93O6 48.9877 0.122182 2.12236 1.37351 29.9315 0 12.3055 5.09373 0.0634857 0 0
1000.00 990.00 2.295113 4.941801 -24273.542431 0.653581 2.558691 cpx Na0.00Ca0.21Fe''1.00Mg0.71Fe'''0.04Ti0.00Al0.10Si1.93O6 48.8935 0.117245 2.10341 1.38779 30.3528 0 12.0482 5.03443 0.0626485 0 0
1000.00 985.00 2.428092 5.212557 -25584.876019 0.690213 2.700732 cpx Na0.00Ca0.21Fe''1.02Mg0.70Fe'''0.04Ti0.00Al0.10Si1.93O6 48.8048 0.112603 2.08452 1.40146 30.7527 0 11.8064 4.97573 0.0618302 0 0
1000.00 980.00 2.554040 5.466817 -26818.076586 0.724778 2.834580 cpx Na0.00Ca0.21Fe''1.03Mg0.68Fe'''0.04Ti0.00Al0.10Si1.93O6 48.7217 0.108226 2.06566 1.41435 31.1316 0 11.5797 4.91764 0.0610284 0 0
1000.00 975.00 2.672292 5.703325 -27967.708438 0.757106 2.959587 cpx Na0.00Ca0.21Fe''1.04Mg0.67Fe'''0.04Ti0.00Al0.10Si1.93O6 48.6443 0.10409 2.04682 1.42632 31.4902 0 11.3679 4.86016 0.0602406 0 0
1000.00 970.00 2.778891 5.913842 -28994.151950 0.786097 3.071474 cpx Na0.00Ca0.20Fe''1.06Mg0.66Fe'''0.04Ti0.00Al0.09Si1.93O6 48.5725 0.100176 2.02799 1.43724 31.8284 0 11.171 4.80326 0.0594647 0 0
1000.00 965.00 2.562577 5.439212 -26682.210646 0.724077 2.828048 cpx Na0.00Ca0.20Fe''1.07Mg0.66Fe'''0.04Ti0.00Al0.09Si1.93O6 48.5265 0.0968255 2.00838 1.44681 32.0724 0 11.0454 4.74503 0.0586879 0 0
1000.00 960.00 2.363528 5.003688 -24562.781692 0.667109 2.604554 cpx Na0.00Ca0.20Fe''1.08Mg0.65Fe'''0.04Ti0.00Al0.09Si1.93O6 48.4847 0.093607 1.9888 1.45461 32.3032 0 10.9297 4.68746 0.0579174 0 0
1000.00 955.00 2.179401 4.601981 -22609.263734 0.614504 2.398271 cpx Na0.00Ca0.20Fe''1.08Mg0.64Fe'''0.04Ti0.00Al0.09Si1.93O6 48.447 0.0905102 1.96924 1.46068 32.522 0 10.8229 4.63053 0.0571519 0 0
1000.00 950.00 2.008244 4.229701 -20799.581989 0.565689 2.206936 cpx Na0.00Ca0.20Fe''1.09Mg0.64Fe'''0.04Ti0.00Al0.09Si1.93O6 48.4128 0.0875262 1.94973 1.46505 32.7299 0 10.7244 4.57423 0.0563903 0 0
1000.00 945.00 1.848436 3.883190 -19115.370961 0.520186 2.028668 cpx Na0.00Ca0.19Fe''1.10Mg0.63Fe'''0.04Ti0.00Al0.09Si1.93O6 48.3821 0.0846472 1.93026 1.46778 32.9278 0 10.6332 4.51854 0.0556319 0 0
1000.00 940.00 1.698619 3.559394 -17541.306587 0.477596 1.861895 cpx Na0.00Ca0.19Fe''1.11Mg0.63Fe'''0.04Ti0.00Al0.09Si1.93O6 48.3544 0.0818665 1.91085 1.46893 33.1167 0 10.5489 4.46345 0.0548761 0 0
1000.00 935.00 0.151497 0.316754 -1564.574458 0.042581 0.165961 cpx Na0.00Ca0.19Fe''1.11Mg0.63Fe'''0.04Ti0.00Al0.09Si1.93O6 48.3646 0.079594 1.89723 1.45313 33.1853 0 10.5586 4.40746 0.0539825 0 0

rhm-oxide_0 thermodynamic data and composition:
Pressure Temperature mass S H V Cp formula SiO2 TiO2 Al2O3 Fe2O3 FeO MnO MgO CaO Na2O K2O P2O5
1000.00 1020.00 0.311720 0.610989 -2267.502343 0.067413 0.284767 Mn0.04Fe''0.81Mg0.07Fe'''0.17Ti0.91O3 0 48.6602 0 9.10799 38.6474 1.66389 1.9205 0 0 0 0
1000.00 1015.00 0.680530 1.331230 -4943.578485 0.147047 0.621512 Mn0.04Fe''0.81Mg0.07Fe'''0.17Ti0.91O3 0 48.587 0 9.17462 38.684 1.72751 1.8269 0 0 0 0
1000.00 1010.00 1.024785 2.000724 -7435.172229 0.221255 0.935671 Mn0.04Fe''0.81Mg0.06Fe'''0.17Ti0.91O3 0 48.5131 0 9.24878 38.7055 1.79136 1.74127 0 0 0 0
1000.00 1005.00 1.346422 2.623576 -9757.782919 0.290478 1.229045 Mn0.04Fe''0.81Mg0.06Fe'''0.18Ti0.91O3 0 48.4384 0 9.33012 38.7131 1.85552 1.66288 0 0 0 0
1000.00 1000.00 1.647022 3.203161 -11924.073462 0.355074 1.503108 Mn0.04Fe''0.81Mg0.06Fe'''0.18Ti0.91O3 0 48.3629 0 9.41811 38.7078 1.92007 1.59109 0 0 0 0
1000.00 995.00 1.927906 3.742312 -13944.612367 0.415345 1.759087 Mn0.04Fe''0.81Mg0.06Fe'''0.18Ti0.91O3 0 48.2867 0 9.51214 38.6908 1.98504 1.52531 0 0 0 0
1000.00 990.00 2.190215 4.243479 -15828.484649 0.471550 1.998040 Mn0.04Fe''0.81Mg0.05Fe'''0.18Ti0.91O3 0 48.21 0 9.61143 38.6631 2.05049 1.46499 0 0 0 0
1000.00 985.00 2.434969 4.708852 -17583.775682 0.523920 2.220910 Mn0.04Fe''0.81Mg0.05Fe'''0.18Ti0.91O3 0 48.133 0 9.71518 38.6257 2.11643 1.40962 0 0 0 0
1000.00 980.00 2.663114 5.140458 -19217.933674 0.572669 2.428570 Mn0.05Fe''0.81Mg0.05Fe'''0.19Ti0.91O3 0 48.056 0 9.82249 38.5799 2.18287 1.35875 0 0 0 0
1000.00 975.00 2.875558 5.540227 -20738.021041 0.618002 2.621853 Mn0.05Fe''0.81Mg0.05Fe'''0.19Ti0.91O3 0 47.9793 0 9.93248 38.5265 2.24979 1.31194 0 0 0 0
1000.00 970.00 3.073227 5.910105 -22151.149742 0.660125 2.801609 Mn0.05Fe''0.81Mg0.05Fe'''0.19Ti0.91O3 0 47.9029 0 10.0447 38.4669 2.31658 1.26894 0 0 0 0
1000.00 965.00 3.259524 6.256761 -23480.704282 0.699805 2.971143 Mn0.05Fe''0.81Mg0.05Fe'''0.19Ti0.90O3 0 47.8138 0 10.192 38.4279 2.32551 1.24078 0 0 0 0
1000.00 960.00 3.430693 6.573070 -24701.374290 0.736215 3.126820 Mn0.05Fe''0.81Mg0.05Fe'''0.20Ti0.90O3 0 47.728 0 10.3346 38.3881 2.33464 1.21467 0 0 0 0
1000.00 955.00 3.588132 6.861851 -25823.522459 0.769658 3.269910 Mn0.05Fe''0.81Mg0.04Fe'''0.20Ti0.90O3 0 47.6456 0 10.4722 38.3479 2.34388 1.19038 0 0 0 0
1000.00 950.00 3.733110 7.125660 -26856.527521 0.800413 3.401566 Mn0.05Fe''0.81Mg0.04Fe'''0.20Ti0.90O3 0 47.5667 0 10.6046 38.3079 2.35315 1.16774 0 0 0 0
1000.00 945.00 3.866776 7.366810 -27808.858998 0.828728 3.522835 Mn0.05Fe''0.81Mg0.04Fe'''0.20Ti0.90O3 0 47.4911 0 10.7316 38.2683 2.36237 1.14657 0 0 0 0
1000.00 940.00 3.990169 7.587387 -28688.149995 0.854831 3.634661 Mn0.05Fe''0.80Mg0.04Fe'''0.21Ti0.90O3 0 47.419 0 10.8531 38.2296 2.37149 1.12672 0 0 0 0
1000.00 935.00 4.222000 8.012252 -30366.126167 0.904296 3.844628 Mn0.05Fe''0.80Mg0.04Fe'''0.21Ti0.90O3 0 47.401 0 10.8835 38.2364 2.35716 1.12198 0 0 0 0
1000.00 930.00 4.436263 8.403683 -31893.224721 0.949735 4.039352 Mn0.05Fe''0.80Mg0.04Fe'''0.21Ti0.90O3 0 47.3037 0 11.0482 38.1128 2.44024 1.09504 0 0 0 0
1000.00 925.00 4.612482 8.721618 -33146.751224 0.986999 4.199355 Mn0.05Fe''0.80Mg0.04Fe'''0.21Ti0.89O3 0 47.2086 0 11.2096 37.9886 2.52428 1.06899 0 0 0 0
1000.00 920.00 4.758528 8.981083 -34187.048539 1.017814 4.331684 Mn0.06Fe''0.80Mg0.04Fe'''0.22Ti0.89O3 0 47.1255 0 11.3506 37.8793 2.59836 1.04624 0 0 0 0
1000.00 915.00 4.880699 9.194248 -35059.505655 1.043533 4.442079 Mn0.06Fe''0.80Mg0.04Fe'''0.22Ti0.89O3 0 47.0536 0 11.4723 37.7846 2.66316 1.02631 0 0 0 0
1000.00 910.00 4.983838 9.370468 -35798.797116 1.065197 4.534956 Mn0.06Fe''0.79Mg0.04Fe'''0.22Ti0.89O3 0 46.9919 0 11.5764 37.7034 2.7196 1.00873 0 0 0 0
1000.00 905.00 5.071735 9.517066 -36431.921007 1.083617 4.613780 Mn0.06Fe''0.79Mg0.04Fe'''0.22Ti0.89O3 0 46.9395 0 11.6644 37.6343 2.76867 0.993117 0 0 0 0
1000.00 900.00 5.147413 9.639880 -36980.311144 1.099440 4.681316 Mn0.06Fe''0.79Mg0.04Fe'''0.22Ti0.89O3 0 46.8952 0 11.7381 37.5762 2.81136 0.979128 0 0 0 0
1000.00 895.00 5.439494 10.170668 -39043.409381 1.161118 4.947684 Mn0.06Fe''0.79Mg0.04Fe'''0.23Ti0.89O3 0 46.7134 0 12.064 37.2639 3.00776 0.95105 0 0 0 0
1000.00 890.00 5.758669 10.751241 -41290.512051 1.228454 5.239310 Mn0.07Fe''0.78Mg0.03Fe'''0.24Ti0.88O3 0 46.5001 0 12.4513 36.8863 3.23759 0.924713 0 0 0 0
1000.00 885.00 5.749142 10.709994 -41251.048181 1.226233 5.228070 Mn0.07Fe''0.78Mg0.03Fe'''0.24Ti0.88O3 0 46.521 0 12.4084 36.932 3.21791 0.920776 0 0 0 0
1000.00 880.00 5.739717 10.668905 -41212.463508 1.224036 5.216898 Mn0.07Fe''0.78Mg0.03Fe'''0.23Ti0.88O3 0 46.5428 0 12.3636 36.9786 3.19828 0.916743 0 0 0 0
1000.00 875.00 5.730395 10.627973 -41174.751083 1.221862 5.205796 Mn0.07Fe''0.78Mg0.03Fe'''0.23Ti0.88O3 0 46.5654 0 12.3171 37.0262 3.1787 0.912612 0 0 0 0
1000.00 870.00 5.721173 10.587196 -41137.902045 1.219712 5.194764 Mn0.07Fe''0.78Mg0.03Fe'''0.23Ti0.88O3 0 46.589 0 12.2688 37.0747 3.15917 0.908382 0 0 0 0
1000.00 865.00 5.712053 10.546572 -41101.905799 1.217585 5.183800 Mn0.07Fe''0.78Mg0.03Fe'''0.23Ti0.88O3 0 46.6134 0 12.2188 37.1241 3.13969 0.904054 0 0 0 0
1000.00 860.00 5.703034 10.506098 -41066.750181 1.215482 5.172905 Mn0.07Fe''0.78Mg0.03Fe'''0.23Ti0.88O3 0 46.6386 0 12.1672 37.1744 3.12024 0.899627 0 0 0 0
1000.00 855.00 5.694113 10.465772 -41032.421612 1.213401 5.162077 Mn0.07Fe''0.79Mg0.03Fe'''0.23Ti0.89O3 0 46.6647 0 12.1139 37.2255 3.10082 0.895099 0 0 0 0
1000.00 850.00 5.685291 10.425589 -40998.905237 1.211342 5.151317 Mn0.07Fe''0.79Mg0.03Fe'''0.23Ti0.89O3 0 46.6915 0 12.059 37.2776 3.08144 0.890472 0 0 0 0
1000.00 845.00 5.676566 10.385547 -40966.185052 1.209306 5.140622 Mn0.07Fe''0.79Mg0.03Fe'''0.23Ti0.89O3 0 46.7192 0 12.0025 37.3305 3.06207 0.885744 0 0 0 0
1000.00 840.00 5.667935 10.345640 -40934.244020 1.207291 5.129992 Mn0.07Fe''0.79Mg0.03Fe'''0.23Ti0.89O3 0 46.7476 0 11.9445 37.3842 3.04274 0.880916 0 0 0 0
1000.00 835.00 5.648152 10.283180 -40832.626380 1.202976 5.108255 Mn0.06Fe''0.79Mg0.03Fe'''0.22Ti0.89O3 0 46.8327 0 11.7748 37.5558 2.96463 0.871963 0 0 0 0
1000.00 830.00 5.640235 10.244590 -40805.504064 1.201113 5.098265 Mn0.06Fe''0.79Mg0.03Fe'''0.22Ti0.89O3 0 46.8611 0 11.7169 37.6087 2.94636 0.86696 0 0 0 0
1000.00 825.00 5.632384 10.206075 -40778.949823 1.199267 5.088312 Mn0.06Fe''0.79Mg0.03Fe'''0.22Ti0.89O3 0 46.8901 0 11.6574 37.6625 2.9281 0.861857 0 0 0 0
1000.00 820.00 5.624598 10.167630 -40752.950314 1.197435 5.078396 Mn0.06Fe''0.80Mg0.03Fe'''0.22Ti0.89O3 0 46.92 0 11.5965 37.7171 2.90983 0.856653 0 0 0 0
1000.00 815.00 5.616875 10.129254 -40727.491109 1.195619 5.068515 Mn0.06Fe''0.80Mg0.03Fe'''0.22Ti0.89O3 0 46.9505 0 11.5341 37.7725 2.89156 0.851349 0 0 0 0
1000.00 810.00 5.609215 10.090943 -40702.556822 1.193816 5.058669 Mn0.06Fe''0.80Mg0.03Fe'''0.22Ti0.89O3 0 46.9818 0 11.4703 37.8287 2.87328 0.845944 0 0 0 0
1000.00 805.00 5.601615 10.052693 -40678.131525 1.192029 5.048856 Mn0.06Fe''0.80Mg0.03Fe'''0.22Ti0.89O3 0 47.0137 0 11.4051 37.8858 2.855 0.840439 0 0 0 0
1000.00 800.00 5.594075 10.014502 -40654.198234 1.190255 5.039076 Mn0.06Fe''0.80Mg0.03Fe'''0.22Ti0.89O3 0 47.0463 0 11.3385 37.9437 2.8367 0.834834 0 0 0 0

olivine_0 thermodynamic data and composition:
Pressure Temperature mass S H V Cp formula SiO2 TiO2 Al2O3 Fe2O3 FeO MnO MgO CaO Na2O K2O P2O5
1000.00 970.00 0.002708 0.005533 -21.229427 0.000678 0.002704 (Ca0.01Mg0.21Fe''0.63Mn0.16Co0.00Ni0.00)2SiO4 31.4982 0 0 0 47.5368 12.1736 8.37362 0.417828 0 0 0
1000.00 965.00 0.246750 0.502901 -1930.558472 0.061739 0.246042 (Ca0.01Mg0.20Fe''0.63Mn0.17Co0.00Ni0.00)2SiO4 31.4597 0 0 0 47.6282 12.2946 8.20796 0.409539 0 0 0
1000.00 960.00 0.470607 0.956690 -3675.182593 0.117619 0.468547 (Ca0.01Mg0.20Fe''0.63Mn0.17Co0.00Ni0.00)2SiO4 31.4239 0 0 0 47.705 12.416 8.0538 0.401269 0 0 0
1000.00 955.00 0.676521 1.371813 -5274.409533 0.168907 0.672580 (Ca0.01Mg0.19Fe''0.64Mn0.17Co0.00Ni0.00)2SiO4 31.3905 0 0 0 47.7688 12.5378 7.90996 0.393032 0 0 0
1000.00 950.00 0.866452 1.752547 -6744.933569 0.216113 0.860196 (Ca0.01Mg0.19Fe''0.64Mn0.17Co0.00Ni0.00)2SiO4 31.3592 0 0 0 47.8212 12.6595 7.77535 0.384843 0 0 0
1000.00 945.00 1.042111 2.102617 -8101.213936 0.259683 1.033185 (Ca0.01Mg0.19Fe''0.64Mn0.17Co0.00Ni0.00)2SiO4 31.3298 0 0 0 47.8636 12.7808 7.64903 0.376713 0 0 0
1000.00 940.00 1.204999 2.425278 -9355.796377 0.300006 1.193107 (Ca0.01Mg0.19Fe''0.64Mn0.17Co0.00Ni0.00)2SiO4 31.3022 0 0 0 47.8973 12.9017 7.53014 0.368652 0 0 0
1000.00 935.00 2.183060 4.384360 -16952.567784 0.543299 2.160027 (Ca0.01Mg0.19Fe''0.64Mn0.17Co0.00Ni0.00)2SiO4 31.2967 0 0 0 47.9317 12.9019 7.50942 0.360268 0 0 0
1000.00 930.00 2.684864 5.378568 -20818.381498 0.667548 2.651674 (Ca0.01Mg0.18Fe''0.64Mn0.18Co0.00Ni0.00)2SiO4 31.2553 0 0 0 47.6897 13.3721 7.32178 0.361161 0 0 0
1000.00 925.00 3.030153 6.054993 -23463.322046 0.752710 2.987309 (Ca0.01Mg0.18Fe''0.64Mn0.19Co0.00Ni0.00)2SiO4 31.2151 0 0 0 47.437 13.8461 7.1399 0.361816 0 0 0
1000.00 920.00 3.301313 6.580504 -25534.783298 0.819396 3.249274 (Ca0.01Mg0.17Fe''0.63Mn0.19Co0.00Ni0.00)2SiO4 31.1802 0 0 0 47.2051 14.272 6.98146 0.361353 0 0 0
1000.00 915.00 3.519321 6.997937 -27197.185352 0.872859 3.458595 (Ca0.01Mg0.17Fe''0.63Mn0.20Co0.00Ni0.00)2SiO4 31.1495 0 0 0 46.9942 14.6534 6.84298 0.359918 0 0 0
1000.00 910.00 3.698037 7.335549 -28558.537025 0.916563 3.629116 (Ca0.01Mg0.17Fe''0.63Mn0.20Co0.00Ni0.00)2SiO4 31.1225 0 0 0 46.8032 14.9954 6.72119 0.357653 0 0 0
1000.00 905.00 3.847102 7.612973 -29693.606591 0.952913 3.770439 (Ca0.01Mg0.16Fe''0.63Mn0.21Co0.00Ni0.00)2SiO4 31.0985 0 0 0 46.6306 15.303 6.61324 0.354692 0 0 0
1000.00 900.00 3.973503 7.844401 -30656.302791 0.983647 3.889495 (Ca0.01Mg0.16Fe''0.63Mn0.21Co0.00Ni0.00)2SiO4 31.077 0 0 0 46.4741 15.581 6.51677 0.351152 0 0 0
1000.00 895.00 4.345201 8.556956 -33506.906697 1.075010 4.244364 (Ca0.01Mg0.16Fe''0.62Mn0.23Co0.00Ni0.00)2SiO4 31.0335 0 0 0 45.7367 16.5638 6.31015 0.355935 0 0 0
1000.00 890.00 4.751537 9.334492 -36641.135625 1.175044 4.631603 (Ca0.01Mg0.15Fe''0.61Mn0.24Co0.00Ni0.00)2SiO4 30.9931 0 0 0 44.8531 17.6776 6.11485 0.361382 0 0 0
1000.00 885.00 4.760638 9.331142 -36715.320604 1.176819 4.637134 (Ca0.01Mg0.15Fe''0.61Mn0.24Co0.00Ni0.00)2SiO4 30.9869 0 0 0 44.8944 17.6741 6.09132 0.353316 0 0 0
1000.00 880.00 4.769614 9.327377 -36788.233904 1.178559 4.642498 (Ca0.01Mg0.15Fe''0.61Mn0.24Co0.00Ni0.00)2SiO4 30.9807 0 0 0 44.9359 17.6708 6.0672 0.345379 0 0 0
1000.00 875.00 4.778468 9.323206 -36859.901624 1.180265 4.647699 (Ca0.01Mg0.15Fe''0.61Mn0.24Co0.00Ni0.00)2SiO4 30.9744 0 0 0 44.9778 17.6677 6.04249 0.337568 0 0 0
1000.00 870.00 4.787205 9.318636 -36930.350173 1.181938 4.652740 (Ca0.01Mg0.15Fe''0.61Mn0.24Co0.00Ni0.00)2SiO4 30.9679 0 0 0 45.0201 17.665 6.01721 0.329882 0 0 0
1000.00 865.00 4.795828 9.313676 -36999.606261 1.183579 4.657625 (Ca0.01Mg0.15Fe''0.61Mn0.24Co0.00Ni0.00)2SiO4 30.9613 0 0 0 45.0626 17.6624 5.99135 0.32232 0 0 0
1000.00 860.00 4.804340 9.308333 -37067.696882 1.185188 4.662358 (Ca0.01Mg0.15Fe''0.61Mn0.24Co0.00Ni0.00)2SiO4 30.9545 0 0 0 45.1056 17.6601 5.96491 0.314879 0 0 0
1000.00 855.00 4.812747 9.302616 -37134.649299 1.186768 4.666943 (Ca0.01Mg0.15Fe''0.61Mn0.24Co0.00Ni0.00)2SiO4 30.9477 0 0 0 45.1488 17.658 5.93789 0.30756 0 0 0
1000.00 850.00 4.821051 9.296532 -37200.491029 1.188318 4.671382 (Ca0.01Mg0.15Fe''0.61Mn0.24Co0.00Ni0.00)2SiO4 30.9407 0 0 0 45.1925 17.6561 5.91031 0.30036 0 0 0
1000.00 845.00 4.829257 9.290090 -37265.249828 1.189840 4.675681 (Ca0.01Mg0.15Fe''0.61Mn0.24Co0.00Ni0.00)2SiO4 30.9336 0 0 0 45.2365 17.6545 5.88215 0.293277 0 0 0
1000.00 840.00 4.837368 9.283296 -37328.953677 1.191334 4.679842 (Ca0.00Mg0.15Fe''0.61Mn0.24Co0.00Ni0.00)2SiO4 30.9264 0 0 0 45.2809 17.653 5.85343 0.286312 0 0 0
1000.00 835.00 4.734964 9.062652 -36499.076295 1.165174 4.576775 (Ca0.00Mg0.14Fe''0.62Mn0.24Co0.00Ni0.00)2SiO4 30.9126 0 0 0 45.6267 17.3817 5.8009 0.278067 0 0 0
1000.00 830.00 4.745217 9.060146 -36579.024016 1.167204 4.582994 (Ca0.00Mg0.14Fe''0.62Mn0.24Co0.00Ni0.00)2SiO4 30.9052 0 0 0 45.6681 17.384 5.77124 0.271386 0 0 0
1000.00 825.00 4.755331 9.057183 -36657.565799 1.169194 4.589028 (Ca0.00Mg0.14Fe''0.62Mn0.24Co0.00Ni0.00)2SiO4 30.8977 0 0 0 45.71 17.3865 5.74101 0.264816 0 0 0
1000.00 820.00 4.765309 9.053775 -36734.741884 1.171147 4.594883 (Ca0.00Mg0.14Fe''0.62Mn0.24Co0.00Ni0.00)2SiO4 30.8901 0 0 0 45.7523 17.3891 5.71022 0.258356 0 0 0
1000.00 815.00 4.775159 9.049934 -36810.592184 1.173064 4.600564 (Ca0.00Mg0.14Fe''0.62Mn0.24Co0.00Ni0.00)2SiO4 30.8823 0 0 0 45.795 17.3918 5.67888 0.252005 0 0 0
1000.00 810.00 4.784883 9.045669 -36885.156639 1.174947 4.606076 (Ca0.00Mg0.14Fe''0.62Mn0.24Co0.00Ni0.00)2SiO4 30.8744 0 0 0 45.8381 17.3947 5.64697 0.245762 0 0 0
1000.00 805.00 4.794489 9.040992 -36958.474467 1.176795 4.611424 (Ca0.00Mg0.14Fe''0.62Mn0.24Co0.00Ni0.00)2SiO4 30.8665 0 0 0 45.8817 17.3977 5.61452 0.239627 0 0 0
1000.00 800.00 4.803982 9.035913 -37030.585014 1.178611 4.616614 (Ca0.00Mg0.14Fe''0.62Mn0.24Co0.00Ni0.00)2SiO4 30.8584 0 0 0 45.9257 17.4008 5.58152 0.233596 0 0 0

feldspar_1 thermodynamic data and composition:
Pressure Temperature mass S H V Cp formula SiO2 TiO2 Al2O3 Fe2O3 FeO MnO MgO CaO Na2O K2O P2O5
1000.00 895.00 3.694633 8.135509 -49832.388346 1.469896 4.372220 K0.71Na0.26Ca0.03Al1.03Si2.97O8 64.9939 0 19.232 0 0 0 0 0.701155 2.91955 12.1534 0
1000.00 890.00 8.410244 18.456528 -113406.714879 3.345777 9.942402 K0.72Na0.24Ca0.03Al1.03Si2.97O8 64.9701 0 19.1929 0 0 0 0 0.674414 2.76391 12.3987 0
1000.00 885.00 8.427524 18.448629 -113675.302502 3.352450 9.958819 K0.72Na0.24Ca0.03Al1.03Si2.97O8 64.9801 0 19.1767 0 0 0 0 0.658709 2.74376 12.4407 0
1000.00 880.00 8.444116 18.438856 -113934.778736 3.358843 9.974413 K0.73Na0.24Ca0.03Al1.03Si2.97O8 64.9898 0 19.1607 0 0 0 0 0.643275 2.72353 12.4827 0
1000.00 875.00 8.460036 18.427257 -114185.366675 3.364961 9.989207 K0.73Na0.24Ca0.03Al1.03Si2.97O8 64.9992 0 19.145 0 0 0 0 0.628108 2.70321 12.5245 0
1000.00 870.00 8.475301 18.413875 -114427.281828 3.370813 10.003223 K0.73Na0.24Ca0.03Al1.03Si2.97O8 65.0083 0 19.1295 0 0 0 0 0.613205 2.68281 12.5662 0
1000.00 865.00 8.489928 18.398755 -114660.732487 3.376403 10.016485 K0.73Na0.24Ca0.03Al1.03Si2.97O8 65.0171 0 19.1142 0 0 0 0 0.598563 2.66233 12.6078 0
1000.00 860.00 8.503931 18.381937 -114885.920075 3.381740 10.029013 K0.74Na0.23Ca0.03Al1.03Si2.97O8 65.0255 0 19.0992 0 0 0 0 0.584179 2.64177 12.6494 0
1000.00 855.00 8.517326 18.363463 -115103.039472 3.386828 10.040830 K0.74Na0.23Ca0.03Al1.03Si2.97O8 65.0337 0 19.0843 0 0 0 0 0.570049 2.62113 12.6908 0
1000.00 850.00 8.530127 18.343371 -115312.279329 3.391673 10.051958 K0.74Na0.23Ca0.03Al1.03Si2.97O8 65.0416 0 19.0697 0 0 0 0 0.556171 2.60042 12.7321 0
1000.00 845.00 8.542348 18.321699 -115513.822363 3.396282 10.062419 K0.74Na0.23Ca0.03Al1.03Si2.97O8 65.0492 0 19.0554 0 0 0 0 0.542542 2.57962 12.7733 0
1000.00 840.00 8.554004 18.298484 -115707.845639 3.400659 10.072235 K0.75Na0.23Ca0.03Al1.03Si2.97O8 65.0565 0 19.0412 0 0 0 0 0.529158 2.55875 12.8144 0
1000.00 835.00 8.562761 18.268742 -115862.730117 3.403878 10.078661 K0.75Na0.22Ca0.03Al1.03Si2.97O8 65.0634 0 19.0272 0 0 0 0 0.516012 2.5377 12.8556 0
1000.00 830.00 8.573418 18.242757 -116043.479551 3.407845 10.087364 K0.75Na0.22Ca0.02Al1.02Si2.98O8 65.0702 0 19.0135 0 0 0 0 0.503111 2.51668 12.8965 0
1000.00 825.00 8.583544 18.215324 -116217.164608 3.411596 10.095486 K0.75Na0.22Ca0.02Al1.02Si2.98O8 65.0766 0 19 0 0 0 0 0.490447 2.49559 12.9374 0
1000.00 820.00 8.593151 18.186475 -116383.944744 3.415134 10.103050 K0.76Na0.22Ca0.02Al1.02Si2.98O8 65.0828 0 18.9867 0 0 0 0 0.478016 2.47443 12.9781 0
1000.00 815.00 8.602252 18.156240 -116543.972478 3.418465 10.110082 K0.76Na0.22Ca0.02Al1.02Si2.98O8 65.0887 0 18.9735 0 0 0 0 0.465817 2.45319 13.0188 0
1000.00 810.00 8.610858 18.124652 -116697.399518 3.421594 10.116608 K0.76Na0.22Ca0.02Al1.02Si2.98O8 65.0943 0 18.9606 0 0 0 0 0.453847 2.43189 13.0593 0
1000.00 805.00 8.618979 18.091738 -116844.370612 3.424524 10.122655 K0.76Na0.21Ca0.02Al1.02Si2.98O8 65.0997 0 18.9479 0 0 0 0 0.442102 2.41052 13.0998 0
1000.00 800.00 8.626629 18.057529 -116985.028243 3.427260 10.128253 K0.77Na0.21Ca0.02Al1.02Si2.98O8 65.1048 0 18.9354 0 0 0 0 0.43058 2.38908 13.1401 0

clinopyroxene_0 thermodynamic data and composition:
Pressure Temperature mass S H V Cp structure formula SiO2 TiO2 Al2O3 Fe2O3 FeO MnO MgO CaO Na2O K2O P2O5
1000.00 1065.00 0.788436 1.752228 -9464.007765 0.235701 0.900673 cpx Na0.02Ca0.74Fe''0.42Mg0.69Fe'''0.07Ti0.02Al0.16Si1.87O6 49.0792 0.863325 3.63683 2.49719 13.3371 0 12.2449 18.1029 0.238491 0 0
1000.00 1060.00 1.564379 3.467412 -18747.644275 0.467172 1.784143 cpx Na0.02Ca0.74Fe''0.43Mg0.68Fe'''0.07Ti0.02Al0.16Si1.87O6 49.0666 0.86788 3.59001 2.42617 13.6183 0 12.0578 18.1346 0.238674 0 0
1000.00 1055.00 2.322719 5.134579 -27792.476285 0.692925 2.644762 cpx Na0.02Ca0.74Fe''0.44Mg0.68Fe'''0.07Ti0.02Al0.16Si1.87O6 49.0539 0.871444 3.5448 2.36087 13.8867 0 11.8772 18.1663 0.238843 0 0
1000.00 1050.00 3.059846 6.746182 -36558.353360 0.911922 3.478621 cpx Na0.02Ca0.74Fe''0.45Mg0.67Fe'''0.07Ti0.03Al0.16Si1.87O6 49.0407 0.87436 3.50133 2.30085 14.1425 0 11.703 18.1982 0.239019 0 0
1000.00 1045.00 3.773399 8.297494 -45020.254866 1.123498 4.283249 cpx Na0.02Ca0.75Fe''0.46Mg0.66Fe'''0.06Ti0.03Al0.16Si1.87O6 49.0272 0.876912 3.45965 2.24565 14.386 0 11.5349 18.2305 0.239215 0 0
1000.00 1040.00 4.462009 9.786005 -53165.042412 1.327288 5.057305 cpx Na0.02Ca0.75Fe''0.47Mg0.65Fe'''0.06Ti0.03Al0.15Si1.87O6 49.0133 0.879328 3.41981 2.19481 14.6171 0 11.373 18.2632 0.239444 0 0
1000.00 1035.00 5.125044 11.210852 -60988.430302 1.523144 5.800295 cpx Na0.02Ca0.75Fe''0.48Mg0.64Fe'''0.06Ti0.03Al0.15Si1.88O6 48.999 0.881789 3.38182 2.1479 14.8362 0 11.2171 18.2965 0.239714 0 0
1000.00 1030.00 5.762413 12.572348 -68492.449162 1.711078 6.512325 cpx Na0.02Ca0.75Fe''0.48Mg0.63Fe'''0.06Ti0.03Al0.15Si1.88O6 48.9844 0.884438 3.34565 2.10453 15.0431 0 11.0673 18.3306 0.240029 0 0
1000.00 1025.00 6.382631 13.889538 -75781.669681 1.893659 7.203229 cpx Na0.02Ca0.75Fe''0.49Mg0.62Fe'''0.06Ti0.03Al0.15Si1.88O6 48.9697 0.887537 3.31121 2.06413 15.2377 0 10.9237 18.3656 0.240382 0 0
1000.00 1020.00 7.049355 15.298651 -83495.363639 2.088742 7.940358 cpx Na0.02Ca0.76Fe''0.50Mg0.61Fe'''0.06Ti0.03Al0.15Si1.88O6 48.9166 0.873666 3.27887 2.07527 15.5358 0 10.7116 18.3674 0.240771 0 0
1000.00 1015.00 7.687816 16.638281 -90811.742071 2.274725 8.641868 cpx Na0.02Ca0.76Fe''0.51Mg0.60Fe'''0.06Ti0.02Al0.15Si1.88O6 48.8534 0.856631 3.24833 2.10079 15.8519 0 10.486 18.3617 0.241299 0 0
1000.00 1010.00 8.285629 17.882849 -97619.017259 2.448261 9.295282 cpx Na0.02Ca0.76Fe''0.52Mg0.59Fe'''0.06Ti0.02Al0.15Si1.88O6 48.7906 0.840973 3.21932 2.12761 16.1546 0 10.2675 18.3575 0.24196 0 0
1000.00 1005.00 8.847802 19.043980 -103983.400367 2.610916 9.906638 cpx Na0.02Ca0.76Fe''0.53Mg0.58Fe'''0.06Ti0.02Al0.15Si1.88O6 48.7288 0.826555 3.19168 2.15546 16.443 0 10.0568 18.3549 0.242741 0 0
1000.00 1000.00 9.378391 20.131127 -109959.204265 2.763961 10.480858 cpx Na0.02Ca0.76Fe''0.54Mg0.57Fe'''0.06Ti0.02Al0.14Si1.88O6 48.6688 0.813254 3.16526 2.18402 16.7161 0 9.85483 18.3541 0.243629 0 0
1000.00 995.00 9.880676 21.151982 -115591.009597 2.908433 11.021957 cpx Na0.02Ca0.76Fe''0.55Mg0.56Fe'''0.06Ti0.02Al0.14Si1.88O6 48.6108 0.800955 3.13994 2.21299 16.9732 0 9.66209 18.3554 0.244611 0 0
1000.00 990.00 10.357316 22.112819 -120915.444385 3.045179 11.533214 cpx Na0.02Ca0.76Fe''0.56Mg0.55Fe'''0.07Ti0.02Al0.14Si1.88O6 48.5555 0.789556 3.11562 2.24204 17.214 0 9.47903 18.3586 0.245675 0 0
1000.00 985.00 10.810470 23.018777 -125962.667128 3.174890 12.017313 cpx Na0.02Ca0.76Fe''0.57Mg0.54Fe'''0.07Ti0.02Al0.14Si1.88O6 48.5031 0.778961 3.09217 2.27087 17.4381 0 9.30595 18.3641 0.246809 0 0
1000.00 980.00 11.241906 23.874090 -130757.609941 3.298135 12.476469 cpx Na0.02Ca0.76Fe''0.57Mg0.53Fe'''0.07Ti0.02Al0.14Si1.88O6 48.4539 0.769082 3.06951 2.29917 17.6456 0 9.14294 18.3718 0.248 0 0
1000.00 975.00 11.653088 24.682293 -135321.017960 3.415389 12.912522 cpx Na0.02Ca0.77Fe''0.58Mg0.52Fe'''0.07Ti0.02Al0.14Si1.88O6 48.4082 0.759839 3.04756 2.32667 17.8368 0 8.98998 18.3817 0.249237 0 0
1000.00 970.00 12.046167 25.448359 -139682.003247 3.527328 13.328084 cpx Na0.02Ca0.77Fe''0.59Mg0.51Fe'''0.07Ti0.02Al0.14Si1.88O6 48.3661 0.75119 3.02625 2.35314 18.0114 0 8.84732 18.394 0.250511 0 0
1000.00 965.00 12.500635 26.343447 -144856.629045 3.658141 13.814918 cpx Na0.02Ca0.77Fe''0.59Mg0.51Fe'''0.07Ti0.02Al0.14Si1.88O6 48.34 0.745673 3.00706 2.37971 18.0993 0 8.75348 18.4228 0.251865 0 0
1000.00 960.00 12.926007 27.173120 -149706.310543 3.780466 14.269267 cpx Na0.02Ca0.77Fe''0.59Mg0.50Fe'''0.07Ti0.02Al0.14Si1.88O6 48.3177 0.740401 2.98818 2.40383 18.1761 0 8.66737 18.4533 0.253215 0 0
1000.00 955.00 13.324736 27.942959 -154260.505429 3.895041 14.693961 cpx Na0.02Ca0.77Fe''0.60Mg0.50Fe'''0.07Ti0.02Al0.14Si1.88O6 48.2988 0.735339 2.96958 2.42549 18.2426 0 8.58846 18.4852 0.254553 0 0
1000.00 950.00 13.698980 28.657879 -158544.932599 4.002511 15.091481 cpx Na0.02Ca0.77Fe''0.60Mg0.50Fe'''0.07Ti0.02Al0.14Si1.88O6 48.2833 0.730459 2.95124 2.44472 18.2996 0 8.51623 18.5185 0.255873 0 0
1000.00 945.00 14.050656 29.322229 -162582.167442 4.103448 15.464021 cpx Na0.02Ca0.78Fe''0.60Mg0.49Fe'''0.07Ti0.02Al0.13Si1.88O6 48.2711 0.725736 2.93313 2.46152 18.3481 0 8.45018 18.5531 0.257171 0 0
1000.00 940.00 14.381469 29.939882 -166392.125784 4.198359 15.813524 cpx Na0.02Ca0.78Fe''0.60Mg0.49Fe'''0.07Ti0.02Al0.13Si1.89O6 48.2618 0.721151 2.91522 2.47595 18.3888 0 8.38986 18.5888 0.258442 0 0
1000.00 935.00 15.823309 32.868386 -183296.628965 4.619650 17.392546 cpx Na0.02Ca0.78Fe''0.60Mg0.49Fe'''0.07Ti0.02Al0.13Si1.89O6 48.2832 0.720901 2.9089 2.46321 18.3136 0 8.40112 18.6503 0.258834 0 0
1000.00 930.00 16.273800 33.708751 -188942.361589 4.752055 17.868086 cpx Na0.02Ca0.80Fe''0.59Mg0.48Fe'''0.08Ti0.02Al0.14Si1.88O6 48.1779 0.77746 2.96788 2.55278 17.9716 0 8.26618 19.0202 0.266057 0 0
1000.00 925.00 16.588018 34.264516 -192932.291598 4.843925 18.193123 cpx Na0.02Ca0.81Fe''0.58Mg0.47Fe'''0.08Ti0.02Al0.14Si1.88O6 48.0739 0.830155 3.02277 2.63725 17.6967 0 8.14267 19.3244 0.272163 0 0
1000.00 920.00 16.864923 34.743180 -196439.437953 4.924514 18.478251 cpx Na0.02Ca0.82Fe''0.57Mg0.47Fe'''0.08Ti0.03Al0.14Si1.87O6 47.9838 0.87557 3.07013 2.70739 17.4798 0 8.04225 19.5643 0.276841 0 0
1000.00 915.00 17.105586 35.146829 -199499.789345 4.994340 18.724692 cpx Na0.02Ca0.83Fe''0.57Mg0.46Fe'''0.08Ti0.03Al0.14Si1.87O6 47.9058 0.915402 3.11197 2.7652 17.3002 0 7.96032 19.7608 0.280389 0 0
1000.00 910.00 17.313062 35.481774 -202161.558888 5.054405 18.935761 cpx Na0.02Ca0.83Fe''0.56Mg0.46Fe'''0.08Ti0.03Al0.15Si1.87O6 47.8381 0.950849 3.14973 2.81234 17.1461 0 7.89342 19.9264 0.282989 0 0
1000.00 905.00 17.491001 35.755602 -204474.446103 5.105835 19.115391 cpx Na0.02Ca0.84Fe''0.56Mg0.46Fe'''0.08Ti0.03Al0.15Si1.87O6 47.7791 0.982833 3.18454 2.85025 17.01 0 7.83885 20.0696 0.284765 0 0
1000.00 900.00 17.643082 35.975955 -206485.473511 5.149735 19.267523 cpx Na0.02Ca0.85Fe''0.55Mg0.45Fe'''0.08Ti0.03Al0.15Si1.86O6 47.7273 1.01212 3.21738 2.88021 16.8868 0 7.79444 20.196 0.285794 0 0
1000.00 895.00 18.070962 36.745550 -211814.358853 5.272830 19.709243 cpx Na0.02Ca0.86Fe''0.54Mg0.45Fe'''0.09Ti0.03Al0.16Si1.86O6 47.483 1.11768 3.36824 3.03562 16.5693 0 7.65789 20.4834 0.284822 0 0
1000.00 890.00 18.464507 37.442788 -216764.228075 5.385435 20.112967 cpx Na0.02Ca0.87Fe''0.53Mg0.44Fe'''0.09Ti0.04Al0.16Si1.85O6 47.1997 1.24349 3.54613 3.21347 16.2254 0 7.5287 20.7594 0.283739 0 0
1000.00 885.00 18.430637 37.287204 -216622.153745 5.375870 20.069397 cpx Na0.02Ca0.87Fe''0.53Mg0.44Fe'''0.09Ti0.04Al0.16Si1.85O6 47.2247 1.24597 3.54703 3.18292 16.1715 0 7.54603 20.7965 0.285363 0 0
1000.00 880.00 18.396941 37.131927 -216481.854356 5.366362 20.026002 cpx Na0.02Ca0.87Fe''0.53Mg0.44Fe'''0.09Ti0.04Al0.16Si1.85O6 47.2499 1.24847 3.54785 3.152 16.1177 0 7.56363 20.8335 0.286987 0 0
1000.00 875.00 18.363422 36.976963 -216343.358056 5.356912 19.982785 cpx Na0.02Ca0.87Fe''0.52Mg0.44Fe'''0.09Ti0.04Al0.16Si1.85O6 47.2754 1.25101 3.54858 3.12074 16.0639 0 7.58149 20.8703 0.288612 0 0
1000.00 870.00 18.330084 36.822315 -216206.690669 5.347521 19.939747 cpx Na0.02Ca0.87Fe''0.52Mg0.44Fe'''0.09Ti0.04Al0.16Si1.85O6 47.3011 1.25357 3.54924 3.08916 16.01 0 7.59962 20.907 0.290237 0 0
1000.00 865.00 18.296932 36.667989 -216071.875903 5.338190 19.896890 cpx Na0.02Ca0.88Fe''0.52Mg0.44Fe'''0.09Ti0.04Al0.16Si1.85O6 47.3271 1.25616 3.54981 3.05725 15.9562 0 7.61802 20.9436 0.291862 0 0
1000.00 860.00 18.263969 36.513986 -215938.935540 5.328919 19.854214 cpx Na0.02Ca0.88Fe''0.52Mg0.44Fe'''0.09Ti0.04Al0.16Si1.85O6 47.3532 1.25879 3.55032 3.02506 15.9024 0 7.63667 20.9801 0.293489 0 0
1000.00 855.00 18.231198 36.360311 -215807.889634 5.319709 19.811722 cpx Na0.02Ca0.88Fe''0.52Mg0.45Fe'''0.09Ti0.04Al0.16Si1.85O6 47.3796 1.26145 3.55076 2.99258 15.8486 0 7.65559 21.0164 0.295116 0 0
1000.00 850.00 18.198622 36.206965 -215678.756674 5.310561 19.769413 cpx Na0.02Ca0.88Fe''0.52Mg0.45Fe'''0.09Ti0.04Al0.16Si1.85O6 47.4062 1.26415 3.55112 2.95984 15.7947 0 7.67476 21.0525 0.296743 0 0
1000.00 845.00 18.166243 36.053951 -215551.553762 5.301475 19.727288 cpx Na0.02Ca0.88Fe''0.51Mg0.45Fe'''0.09Ti0.04Al0.16Si1.85O6 47.4329 1.26689 3.55143 2.92686 15.7409 0 7.69418 21.0885 0.298372 0 0
1000.00 840.00 18.134065 35.901269 -215426.296763 5.292452 19.685348 cpx Na0.02Ca0.88Fe''0.51Mg0.45Fe'''0.08Ti0.04Al0.16Si1.85O6 47.4598 1.26966 3.55167 2.89365 15.687 0 7.71386 21.1243 0.300002 0 0
1000.00 835.00 18.135112 35.809903 -215486.996297 5.291412 19.673108 cpx Na0.02Ca0.88Fe''0.51Mg0.45Fe'''0.08Ti0.04Al0.16Si1.85O6 47.4931 1.25702 3.53662 2.84113 15.7632 0 7.69109 21.1174 0.300361 0 0
1000.00 830.00 18.102356 35.655833 -215356.590717 5.282242 19.630468 cpx Na0.02Ca0.88Fe''0.51Mg0.45Fe'''0.08Ti0.04Al0.16Si1.85O6 47.5196 1.26025 3.53714 2.8085 15.7072 0 7.71123 21.154 0.30203 0 0
1000.00 825.00 18.069838 35.502168 -215228.467356 5.273145 19.588046 cpx Na0.02Ca0.88Fe''0.51Mg0.45Fe'''0.08Ti0.04Al0.16Si1.85O6 47.5462 1.26353 3.53761 2.77565 15.6513 0 7.7316 21.1905 0.303701 0 0
1000.00 820.00 18.037560 35.348904 -215102.632180 5.264121 19.545841 cpx Na0.02Ca0.89Fe''0.51Mg0.45Fe'''0.08Ti0.04Al0.16Si1.85O6 47.5729 1.26685 3.53803 2.74261 15.5953 0 7.75222 21.2267 0.305372 0 0
1000.00 815.00 18.005523 35.196039 -214979.090614 5.255170 19.503853 cpx Na0.02Ca0.89Fe''0.51Mg0.45Fe'''0.08Ti0.04Al0.16Si1.85O6 47.5998 1.27023 3.5384 2.70939 15.5393 0 7.77308 21.2627 0.307045 0 0
1000.00 810.00 17.973728 35.043573 -214857.847530 5.246292 19.462080 cpx Na0.02Ca0.89Fe''0.50Mg0.45Fe'''0.08Ti0.04Al0.16Si1.85O6 47.6268 1.27367 3.53874 2.676 15.4834 0 7.79417 21.2986 0.308718 0 0
1000.00 805.00 17.942177 34.891501 -214738.907703 5.237487 19.420521 cpx Na0.02Ca0.89Fe''0.50Mg0.45Fe'''0.08Ti0.04Al0.16Si1.85O6 47.6538 1.27716 3.53903 2.64247 15.4274 0 7.8155 21.3342 0.310394 0 0
1000.00 800.00 17.910870 34.739822 -214622.275591 5.228755 19.379173 cpx Na0.02Ca0.89Fe''0.50Mg0.45Fe'''0.08Ti0.04Al0.16Si1.85O6 47.6809 1.28071 3.5393 2.60881 15.3714 0 7.83705 21.3697 0.312071 0 0

quartz thermodynamic data and composition:
Pressure Temperature mass S H V Cp formula
1000.00 935.00 3.960595 8.536926 -55912.487233 1.560309 4.676534 SiO2
1000.00 930.00 7.249898 15.591410 -102390.990988 2.856157 8.556676 SiO2
1000.00 925.00 9.855987 21.147553 -139255.181100 3.882847 11.627358 SiO2
1000.00 920.00 12.018532 25.728352 -169880.652766 4.734800 14.172233 SiO2
1000.00 915.00 13.846308 29.572565 -195797.690402 5.454867 16.320177 SiO2
1000.00 910.00 15.417177 32.850969 -218101.846537 6.073724 18.163428 SiO2
1000.00 905.00 16.789212 35.690758 -237610.466914 6.614249 19.770764 SiO2
1000.00 900.00 18.007442 38.190324 -254957.541755 7.094180 21.195484 SiO2
1000.00 895.00 23.032837 48.732455 -326244.888056 9.073976 27.097857 SiO2
1000.00 890.00 28.588812 60.343446 -405109.730058 11.262798 33.618458 SiO2
1000.00 885.00 28.597682 60.217333 -405403.532190 11.266293 33.612795 SiO2
1000.00 880.00 28.606466 60.090391 -405696.123598 11.269753 33.606866 SiO2
1000.00 875.00 28.615162 59.962615 -405987.501080 11.273179 33.600668 SiO2
1000.00 870.00 28.623772 59.834003 -406277.663476 11.276571 33.594200 SiO2
1000.00 865.00 28.632294 59.704552 -406566.611514 11.279928 33.587458 SiO2
1000.00 860.00 28.640731 59.574259 -406854.347680 11.283252 33.580442 SiO2
1000.00 855.00 28.649081 59.443122 -407140.876088 11.286542 33.573149 SiO2
1000.00 850.00 28.657346 59.311138 -407426.202362 11.289798 33.565578 SiO2
1000.00 845.00 28.665526 59.178305 -407710.333527 11.293020 33.557727 SiO2
1000.00 840.00 28.673622 59.044620 -407993.277905 11.296210 33.549594 SiO2
1000.00 835.00 28.671729 58.889735 -408134.032600 11.295464 33.529592 SiO2
1000.00 830.00 28.679953 58.754995 -408418.746460 11.298704 33.521240 SiO2
1000.00 825.00 28.688089 58.619381 -408702.214387 11.301909 33.512592 SiO2
1000.00 820.00 28.696138 58.482892 -408984.450692 11.305080 33.503648 SiO2
1000.00 815.00 28.704102 58.345527 -409265.470627 11.308218 33.494407 SiO2
1000.00 810.00 28.711981 58.207284 -409545.290492 11.311322 33.484868 SiO2
1000.00 805.00 28.719778 58.068163 -409823.926866 11.314393 33.475028 SiO2
1000.00 800.00 28.727494 57.928161 -410101.397502 11.317433 33.464888 SiO2
