Title: mars_interm

Phase Masses:
Pressure Temperature mass liquid_0 olivine_0 clinopyroxene_0 feldspar_0 quartz spinel_0 rhm-oxide_0 whitlockite 
150.00 1100.00 99.997183 99.997183 0.000000 0.000000 0.000000 0.000000 0.000000 0.000000 0.000000 
150.00 1095.00 99.997497 99.997497 0.000000 0.000000 0.000000 0.000000 0.000000 0.000000 0.000000 
150.00 1090.00 99.997819 99.997819 0.000000 0.000000 0.000000 0.000000 0.000000 0.000000 0.000000 
150.00 1085.00 99.998147 99.998147 0.000000 0.000000 0.000000 0.000000 0.000000 0.000000 0.000000 
150.00 1080.00 99.998483 99.998483 0.000000 0.000000 0.000000 0.000000 0.000000 0.000000 0.000000 
150.00 1075.00 99.998826 99.998826 0.000000 0.000000 0.000000 0.000000 0.000000 0.000000 0.000000 
150.00 1070.00 99.999177 99.999177 0.000000 0.000000 0.000000 0.000000 0.000000 0.000000 0.000000 
150.00 1065.00 99.999536 99.999536 0.000000 0.000000 0.000000 0.000000 0.000000 0.000000 0.000000 
150.00 1060.00 99.999902 99.999902 0.000000 0.000000 0.000000 0.000000 0.000000 0.000000 0.000000 
150.00 1055.00 99.999611 97.589574 0.000000 0.882581 1.527456 0.000000 0.000000 0.000000 0.000000 
150.00 1050.00 100.002094 92.072519 0.000000 2.280044 4.317923 0.000000 1.129858 0.000000 0.201751 
150.00 1045.00 100.003037 88.500160 0.000000 3.300181 6.318336 0.000000 1.597283 0.000000 0.287078 
150.00 1040.00 100.003881 85.129961 0.000000 4.261736 8.234776 0.000000 2.012968 0.000000 0.364439 
150.00 1035.00 100.004618 81.927437 0.000000 5.176623 10.081070 0.000000 2.384287 0.000000 0.435201 
150.00 1030.00 99.998584 78.236258 1.589714 4.793740 12.371450 0.000000 2.509889 0.000000 0.497533 
150.00 1025.00 99.997828 75.255206 1.818318 5.464906 14.124571 0.000000 2.777412 0.000000 0.557415 
150.00 1020.00 99.996980 72.402361 2.023431 6.123964 15.817081 0.000000 3.016816 0.000000 0.613327 
150.00 1015.00 99.996056 69.662685 2.203084 6.774936 17.457687 0.000000 3.231733 0.000000 0.665930 
150.00 1010.00 99.995072 67.023098 2.356239 7.420559 19.054146 0.000000 3.425240 0.000000 0.715789 
150.00 1005.00 99.994038 64.473410 2.482661 8.062341 20.612351 0.000000 3.599912 0.000000 0.763362 
150.00 1000.00 99.992964 62.006994 2.582887 8.700536 22.135677 0.000000 3.757874 0.000000 0.808995 
150.00 995.00 99.991856 59.621501 2.658224 9.334064 23.624322 0.000000 3.900848 0.000000 0.852898 
150.00 990.00 99.990718 57.319189 2.710725 9.960507 25.074958 0.000000 4.030199 0.000000 0.895140 
150.00 985.00 99.989555 55.106311 2.743093 10.576329 26.481143 0.000000 4.147019 0.000000 0.935659 
150.00 980.00 99.988369 52.991371 2.758457 11.177380 27.834645 0.000000 4.252217 0.000000 0.974299 
150.00 975.00 99.987165 50.982750 2.760067 11.759558 29.127295 0.000000 4.346619 0.000000 1.010875 
150.00 970.00 99.961281 46.997672 4.706028 12.843434 31.448791 0.000000 0.000000 2.850025 1.115330 
150.00 965.00 99.959819 45.063349 4.674582 13.477067 32.674948 0.000000 0.000000 2.917963 1.151910 
150.00 960.00 99.958436 43.270499 4.632012 14.078089 33.813195 0.000000 0.000000 2.979164 1.185477 
150.00 955.00 99.957126 41.612436 4.581130 14.646263 34.866852 0.000000 0.000000 3.034303 1.216143 
150.00 950.00 99.955884 40.080251 4.524153 15.182288 35.841085 0.000000 0.000000 3.084031 1.244077 
150.00 945.00 99.954706 38.664129 4.462831 15.687416 36.741901 0.000000 0.000000 3.128954 1.269475 
150.00 940.00 99.953587 37.354192 4.398550 16.163194 37.575496 0.000000 0.000000 3.169618 1.292538 
150.00 935.00 99.952523 36.140981 4.332415 16.611285 38.347871 0.000000 0.000000 3.206511 1.313460 
150.00 930.00 99.951510 35.015702 4.265315 17.033369 39.064643 0.000000 0.000000 3.240059 1.332422 
150.00 925.00 99.950546 33.970313 4.197961 17.431085 39.730960 0.000000 0.000000 3.270638 1.349590 
150.00 920.00 99.949627 32.997541 4.130928 17.805994 40.351481 0.000000 0.000000 3.298574 1.365110 
150.00 915.00 99.948751 32.090844 4.064675 18.159571 40.930394 0.000000 0.000000 3.324152 1.379115 
150.00 910.00 99.947914 31.244360 3.999569 18.493192 41.471449 0.000000 0.000000 3.347622 1.391722 
150.00 905.00 99.947116 30.452839 3.935901 18.808143 41.977998 0.000000 0.000000 3.369202 1.403033 
150.00 900.00 99.946353 29.711585 3.873897 19.105615 42.453036 0.000000 0.000000 3.389082 1.413137 
150.00 895.00 99.945623 29.016393 3.813732 19.386715 42.899239 0.000000 0.000000 3.407430 1.422115 
150.00 890.00 99.944926 28.363496 3.755533 19.652469 43.319001 0.000000 0.000000 3.424393 1.430034 
150.00 885.00 99.944259 27.749510 3.699395 19.903829 43.714469 0.000000 0.000000 3.440102 1.436954 
150.00 880.00 99.943621 27.171398 3.645382 20.141676 44.087568 0.000000 0.000000 3.454671 1.442926 
150.00 875.00 99.943010 26.626424 3.593530 20.366831 44.440028 0.000000 0.000000 3.468203 1.447994 
150.00 870.00 99.942425 26.112122 3.543859 20.580051 44.773410 0.000000 0.000000 3.480789 1.452195 
150.00 865.00 99.941866 25.626264 3.496368 20.782043 45.089121 0.000000 0.000000 3.492510 1.455561 
150.00 860.00 99.941330 25.166836 3.451047 20.973461 45.388433 0.000000 0.000000 3.503437 1.458116 
150.00 855.00 99.940817 24.732014 3.407872 21.154915 45.672498 0.000000 0.000000 3.513637 1.459881 
150.00 850.00 99.940326 24.320142 3.366812 21.326970 45.942364 0.000000 0.000000 3.523168 1.460871 
150.00 845.00 99.939856 23.929717 3.327829 21.490153 46.198982 0.000000 0.000000 3.532081 1.461096 
150.00 840.00 99.939407 23.559369 3.290882 21.644952 46.443217 0.000000 0.000000 3.540424 1.460563 
150.00 835.00 99.938977 23.207855 3.255924 21.791825 46.675861 0.000000 0.000000 3.548239 1.459273 
150.00 830.00 99.938566 22.874039 3.222907 21.931194 46.897637 0.000000 0.000000 3.555566 1.457223 
150.00 825.00 99.938347 22.053025 3.202904 22.096703 47.251138 0.297589 0.000000 3.565149 1.471840 
150.00 820.00 99.938343 20.817256 3.197311 22.278493 47.707563 0.860128 0.000000 3.576026 1.501566 
150.00 815.00 99.938366 19.727254 3.194136 22.439088 48.108489 1.357068 0.000000 3.585159 1.527172 
150.00 810.00 99.938415 18.759468 3.193186 22.581454 48.462968 1.799192 0.000000 3.592852 1.549296 
150.00 805.00 99.938488 17.895129 3.194275 22.708028 48.778190 2.195081 0.000000 3.599342 1.568443 
150.00 800.00 99.938583 17.119100 3.197232 22.820834 49.059937 2.551646 0.000000 3.604819 1.585016 
150.00 795.00 99.938700 16.419044 3.201897 22.921561 49.312911 2.874509 0.000000 3.609435 1.599342 
150.00 790.00 99.938838 15.784805 3.208126 23.011638 49.540974 3.168293 0.000000 3.613316 1.611686 
150.00 785.00 99.938998 15.207948 3.215788 23.092280 49.747325 3.436831 0.000000 3.616561 1.622264 
150.00 780.00 99.939177 14.681409 3.224765 23.164528 49.934641 3.683325 0.000000 3.619257 1.631253 
150.00 775.00 99.939377 14.199231 3.234946 23.229280 50.105178 3.910474 0.000000 3.621471 1.638798 
150.00 770.00 99.939596 13.756354 3.246234 23.287317 50.260848 4.120564 0.000000 3.623263 1.645017 
150.00 765.00 99.939836 13.348456 3.258535 23.339324 50.403287 4.315546 0.000000 3.624682 1.650006 
150.00 760.00 99.940095 12.971823 3.271765 23.385902 50.533900 4.497091 0.000000 3.625770 1.653843 
150.00 755.00 99.940373 12.623248 3.285846 23.427583 50.653903 4.666642 0.000000 3.626564 1.656588 
150.00 750.00 99.940672 12.299950 3.300703 23.464839 50.764352 4.825445 0.000000 3.627094 1.658289 
150.00 745.00 99.940990 11.999508 3.316267 23.498095 50.866169 4.974586 0.000000 3.627387 1.658977 
150.00 740.00 99.941329 11.719805 3.332473 23.527731 50.960165 5.115012 0.000000 3.627467 1.658676 
150.00 735.00 99.941688 11.458988 3.349259 23.554088 51.047053 5.247552 0.000000 3.627354 1.657394 
150.00 730.00 99.942067 11.215428 3.366567 23.577477 51.127465 5.372932 0.000000 3.627065 1.655132 
150.00 725.00 99.942466 10.987694 3.384340 23.598180 51.201963 5.491794 0.000000 3.626618 1.651876 
150.00 720.00 99.942886 10.774527 3.402525 23.616454 51.271046 5.604703 0.000000 3.626027 1.647604 
150.00 715.00 99.943327 10.574820 3.421070 23.632533 51.335163 5.712156 0.000000 3.625304 1.642282 
150.00 710.00 99.943790 10.387601 3.439926 23.646633 51.394715 5.814594 0.000000 3.624462 1.635860 
150.00 705.00 99.944274 10.212021 3.459044 23.658949 51.450065 5.912404 0.000000 3.623512 1.628279 
150.00 700.00 99.944779 10.047347 3.478378 23.669663 51.501539 6.005930 0.000000 3.622464 1.619459 
