Title: dummy

Bulk Composition:
Pressure Temperature mass SiO2 TiO2 Al2O3 Fe2O3 FeO MnO MgO CaO Na2O K2O P2O5 
1000.00 1200.00 100.000000 51.3122 1.7841 13.812 2.6396 10.1646 0.217 6.0394 11.312 2.1487 0.3637 0.2067
1000.00 1195.00 100.000000 51.3122 1.7841 13.812 2.6396 10.1646 0.217 6.0394 11.312 2.1487 0.3637 0.2067
1000.00 1190.00 100.000000 51.3122 1.7841 13.812 2.6396 10.1646 0.217 6.0394 11.312 2.1487 0.3637 0.2067
1000.00 1185.00 100.000000 51.3122 1.7841 13.812 2.6396 10.1646 0.217 6.0394 11.312 2.1487 0.3637 0.2067
1000.00 1180.00 100.000000 51.3122 1.7841 13.812 2.6396 10.1646 0.217 6.0394 11.312 2.1487 0.3637 0.2067
1000.00 1175.00 100.000000 51.3122 1.7841 13.812 2.6396 10.1646 0.217 6.0394 11.312 2.1487 0.3637 0.2067
1000.00 1170.00 100.000000 51.3122 1.7841 13.812 2.6396 10.1646 0.217 6.0394 11.312 2.1487 0.3637 0.2067
1000.00 1165.00 100.000000 51.3122 1.7841 13.812 2.6396 10.1646 0.217 6.0394 11.312 2.1487 0.3637 0.2067
1000.00 1160.00 100.000000 51.3122 1.7841 13.812 2.6396 10.1646 0.217 6.0394 11.312 2.1487 0.3637 0.2067
1000.00 1155.00 100.000000 51.3122 1.7841 13.812 2.6396 10.1646 0.217 6.0394 11.312 2.1487 0.3637 0.2067
1000.00 1150.00 100.000000 51.3122 1.7841 13.812 2.6396 10.1646 0.217 6.0394 11.312 2.1487 0.3637 0.2067
1000.00 1145.00 100.000000 51.3122 1.7841 13.812 2.6396 10.1646 0.217 6.0394 11.312 2.1487 0.3637 0.2067
1000.00 1140.00 100.000000 51.3122 1.7841 13.812 2.6396 10.1646 0.217 6.0394 11.312 2.1487 0.3637 0.2067
1000.00 1135.00 100.000000 51.3122 1.7841 13.812 2.6396 10.1646 0.217 6.0394 11.312 2.1487 0.3637 0.2067
1000.00 1130.00 100.000000 51.3122 1.7841 13.812 2.6396 10.1646 0.217 6.0394 11.312 2.1487 0.3637 0.2067
1000.00 1125.00 100.000000 51.3122 1.7841 13.812 2.6396 10.1646 0.217 6.0394 11.312 2.1487 0.3637 0.2067
1000.00 1120.00 100.000000 51.3122 1.7841 13.812 2.6396 10.1646 0.217 6.0394 11.312 2.1487 0.3637 0.2067
1000.00 1115.00 100.000000 51.3122 1.7841 13.812 2.6396 10.1646 0.217 6.0394 11.312 2.1487 0.3637 0.2067
1000.00 1110.00 100.000000 51.3122 1.7841 13.812 2.6396 10.1646 0.217 6.0394 11.312 2.1487 0.3637 0.2067
1000.00 1105.00 100.000000 51.3122 1.7841 13.812 2.6396 10.1646 0.217 6.0394 11.312 2.1487 0.3637 0.2067
1000.00 1100.00 100.000000 51.3122 1.7841 13.812 2.6396 10.1646 0.217 6.0394 11.312 2.1487 0.3637 0.2067
1000.00 1095.00 100.000000 51.3122 1.7841 13.812 2.6396 10.1646 0.217 6.0394 11.312 2.1487 0.3637 0.2067
1000.00 1090.00 100.000000 51.3122 1.7841 13.812 2.6396 10.1646 0.217 6.0394 11.312 2.1487 0.3637 0.2067
1000.00 1085.00 100.000000 51.3122 1.7841 13.812 2.6396 10.1646 0.217 6.0394 11.312 2.1487 0.3637 0.2067
1000.00 1080.00 100.000000 51.3122 1.7841 13.812 2.6396 10.1646 0.217 6.0394 11.312 2.1487 0.3637 0.2067
1000.00 1075.00 100.000000 51.3122 1.7841 13.812 2.6396 10.1646 0.217 6.0394 11.312 2.1487 0.3637 0.2067
1000.00 1070.00 100.000000 51.3122 1.7841 13.812 2.6396 10.1646 0.217 6.0394 11.312 2.1487 0.3637 0.2067
1000.00 1065.00 100.000000 51.3122 1.7841 13.812 2.6396 10.1646 0.217 6.0394 11.312 2.1487 0.3637 0.2067
1000.00 1060.00 100.000000 51.3122 1.7841 13.812 2.6396 10.1646 0.217 6.0394 11.312 2.1487 0.3637 0.2067
1000.00 1055.00 100.000000 51.3122 1.7841 13.812 2.6396 10.1646 0.217 6.0394 11.312 2.1487 0.3637 0.2067
1000.00 1050.00 100.000000 51.3122 1.7841 13.812 2.6396 10.1646 0.217 6.0394 11.312 2.1487 0.3637 0.2067
1000.00 1045.00 100.000000 51.3122 1.7841 13.812 2.6396 10.1646 0.217 6.0394 11.312 2.1487 0.3637 0.2067
1000.00 1040.00 100.000000 51.3122 1.7841 13.812 2.6396 10.1646 0.217 6.0394 11.312 2.1487 0.3637 0.2067
1000.00 1035.00 100.000000 51.3122 1.7841 13.812 2.6396 10.1646 0.217 6.0394 11.312 2.1487 0.3637 0.2067
1000.00 1030.00 100.000000 51.3122 1.7841 13.812 2.6396 10.1646 0.217 6.0394 11.312 2.1487 0.3637 0.2067
1000.00 1025.00 100.000000 51.3122 1.7841 13.812 2.6396 10.1646 0.217 6.0394 11.312 2.1487 0.3637 0.2067
1000.00 1020.00 100.000000 51.3122 1.7841 13.812 2.6396 10.1646 0.217 6.0394 11.312 2.1487 0.3637 0.2067
1000.00 1015.00 100.000000 51.3122 1.7841 13.812 2.6396 10.1646 0.217 6.0394 11.312 2.1487 0.3637 0.2067
1000.00 1010.00 100.000000 51.3122 1.7841 13.812 2.6396 10.1646 0.217 6.0394 11.312 2.1487 0.3637 0.2067
1000.00 1005.00 100.000000 51.3122 1.7841 13.812 2.6396 10.1646 0.217 6.0394 11.312 2.1487 0.3637 0.2067
1000.00 1000.00 100.000000 51.3122 1.7841 13.812 2.6396 10.1646 0.217 6.0394 11.312 2.1487 0.3637 0.2067
1000.00 995.00 100.000000 51.3122 1.7841 13.812 2.6396 10.1646 0.217 6.0394 11.312 2.1487 0.3637 0.2067
1000.00 990.00 100.000000 51.3122 1.7841 13.812 2.6396 10.1646 0.217 6.0394 11.312 2.1487 0.3637 0.2067
1000.00 985.00 100.000000 51.3122 1.7841 13.812 2.6396 10.1646 0.217 6.0394 11.312 2.1487 0.3637 0.2067
1000.00 980.00 100.000000 51.3122 1.7841 13.812 2.6396 10.1646 0.217 6.0394 11.312 2.1487 0.3637 0.2067
1000.00 975.00 100.000000 51.3122 1.7841 13.812 2.6396 10.1646 0.217 6.0394 11.312 2.1487 0.3637 0.2067
1000.00 970.00 100.000000 51.3122 1.7841 13.812 2.6396 10.1646 0.217 6.0394 11.312 2.1487 0.3637 0.2067
1000.00 965.00 100.000000 51.3122 1.7841 13.812 2.6396 10.1646 0.217 6.0394 11.312 2.1487 0.3637 0.2067
1000.00 960.00 100.000000 51.3122 1.7841 13.812 2.6396 10.1646 0.217 6.0394 11.312 2.1487 0.3637 0.2067
1000.00 955.00 100.000000 51.3122 1.7841 13.812 2.6396 10.1646 0.217 6.0394 11.312 2.1487 0.3637 0.2067
1000.00 950.00 100.000000 51.3122 1.7841 13.812 2.6396 10.1646 0.217 6.0394 11.312 2.1487 0.3637 0.2067
1000.00 945.00 100.000000 51.3122 1.7841 13.812 2.6396 10.1646 0.217 6.0394 11.312 2.1487 0.3637 0.2067
1000.00 940.00 100.000000 51.3122 1.7841 13.812 2.6396 10.1646 0.217 6.0394 11.312 2.1487 0.3637 0.2067
1000.00 935.00 100.000000 51.3122 1.7841 13.812 2.6396 10.1646 0.217 6.0394 11.312 2.1487 0.3637 0.2067
1000.00 930.00 100.000000 51.3122 1.7841 13.812 2.6396 10.1646 0.217 6.0394 11.312 2.1487 0.3637 0.2067
1000.00 925.00 100.000000 51.3122 1.7841 13.812 2.6396 10.1646 0.217 6.0394 11.312 2.1487 0.3637 0.2067
1000.00 920.00 100.000000 51.3122 1.7841 13.812 2.6396 10.1646 0.217 6.0394 11.312 2.1487 0.3637 0.2067
1000.00 915.00 100.000000 51.3122 1.7841 13.812 2.6396 10.1646 0.217 6.0394 11.312 2.1487 0.3637 0.2067
1000.00 910.00 100.000000 51.3122 1.7841 13.812 2.6396 10.1646 0.217 6.0394 11.312 2.1487 0.3637 0.2067
1000.00 905.00 100.000000 51.3122 1.7841 13.812 2.6396 10.1646 0.217 6.0394 11.312 2.1487 0.3637 0.2067
1000.00 900.00 100.000000 51.3122 1.7841 13.812 2.6396 10.1646 0.217 6.0394 11.312 2.1487 0.3637 0.2067
1000.00 895.00 100.000000 51.3122 1.7841 13.812 2.6396 10.1646 0.217 6.0394 11.312 2.1487 0.3637 0.2067
1000.00 890.00 100.000000 51.3122 1.7841 13.812 2.6396 10.1646 0.217 6.0394 11.312 2.1487 0.3637 0.2067
1000.00 885.00 100.000000 51.3122 1.7841 13.812 2.6396 10.1646 0.217 6.0394 11.312 2.1487 0.3637 0.2067
1000.00 880.00 100.000000 51.3122 1.7841 13.812 2.6396 10.1646 0.217 6.0394 11.312 2.1487 0.3637 0.2067
1000.00 875.00 100.000000 51.3122 1.7841 13.812 2.6396 10.1646 0.217 6.0394 11.312 2.1487 0.3637 0.2067
1000.00 870.00 100.000000 51.3122 1.7841 13.812 2.6396 10.1646 0.217 6.0394 11.312 2.1487 0.3637 0.2067
1000.00 865.00 100.000000 51.3122 1.7841 13.812 2.6396 10.1646 0.217 6.0394 11.312 2.1487 0.3637 0.2067
1000.00 860.00 100.000000 51.3122 1.7841 13.812 2.6396 10.1646 0.217 6.0394 11.312 2.1487 0.3637 0.2067
1000.00 855.00 100.000000 51.3122 1.7841 13.812 2.6396 10.1646 0.217 6.0394 11.312 2.1487 0.3637 0.2067
1000.00 850.00 100.000000 51.3122 1.7841 13.812 2.6396 10.1646 0.217 6.0394 11.312 2.1487 0.3637 0.2067
1000.00 845.00 100.000000 51.3122 1.7841 13.812 2.6396 10.1646 0.217 6.0394 11.312 2.1487 0.3637 0.2067
1000.00 840.00 100.000000 51.3122 1.7841 13.812 2.6396 10.1646 0.217 6.0394 11.312 2.1487 0.3637 0.2067
1000.00 835.00 100.000000 51.3122 1.7841 13.812 2.6396 10.1646 0.217 6.0394 11.312 2.1487 0.3637 0.2067
1000.00 830.00 100.000000 51.3122 1.7841 13.812 2.6396 10.1646 0.217 6.0394 11.312 2.1487 0.3637 0.2067
1000.00 825.00 100.000000 51.3122 1.7841 13.812 2.6396 10.1646 0.217 6.0394 11.312 2.1487 0.3637 0.2067
1000.00 820.00 100.000000 51.3122 1.7841 13.812 2.6396 10.1646 0.217 6.0394 11.312 2.1487 0.3637 0.2067
1000.00 815.00 100.000000 51.3122 1.7841 13.812 2.6396 10.1646 0.217 6.0394 11.312 2.1487 0.3637 0.2067
1000.00 810.00 100.000000 51.3122 1.7841 13.812 2.6396 10.1646 0.217 6.0394 11.312 2.1487 0.3637 0.2067
1000.00 805.00 100.000000 51.3122 1.7841 13.812 2.6396 10.1646 0.217 6.0394 11.312 2.1487 0.3637 0.2067
1000.00 800.00 100.000000 51.3122 1.7841 13.812 2.6396 10.1646 0.217 6.0394 11.312 2.1487 0.3637 0.2067