Title: dummy

liquid_0 thermodynamic data and composition:
Pressure Temperature mass S H V Cp viscosity SiO2 TiO2 Al2O3 Fe2O3 FeO MnO MgO CaO Na2O K2O P2O5 Mg#
1000.00 1200.00 100.000000 264.459417 -1188198.768159 36.825524 143.557768 2.566 51.3122 1.7841 13.812 2.6396 10.1646 0.217 6.0394 11.312 2.1487 0.3637 0.2067 51.4
1000.00 1195.00 100.000000 263.971348 -1188916.545797 36.813613 143.553262 2.589 51.3122 1.7841 13.812 2.6396 10.1646 0.217 6.0394 11.312 2.1487 0.3637 0.2067 51.4
1000.00 1190.00 98.921784 260.604620 -1175132.997305 36.379496 141.970963 2.600 51.3309 1.80355 13.6102 2.66837 10.2754 0.219365 6.10523 11.2708 2.14022 0.367 0.208953 51.4
1000.00 1185.00 97.216858 255.573649 -1152904.415050 35.699297 139.474350 2.603 51.3559 1.83518 13.2858 2.71517 10.4556 0.223212 6.2123 11.2081 2.12398 0.372259 0.212617 51.4
1000.00 1180.00 93.151325 244.356046 -1101353.249343 34.157716 133.366295 2.620 51.3895 1.90621 13.0667 2.78679 10.7658 0.232954 6.1441 10.9604 2.13884 0.386774 0.221897 50.4
1000.00 1175.00 88.038577 230.426028 -1036941.664877 32.235934 125.670572 2.645 51.4172 2.00262 12.8985 2.87905 11.1414 0.246483 5.97493 10.6323 2.16569 0.406916 0.234783 48.9
1000.00 1170.00 83.183983 217.214679 -975932.938985 30.410841 118.388113 2.668 51.429 2.10509 12.7214 2.98069 11.5105 0.260868 5.79793 10.3333 2.18494 0.427854 0.248485 47.3
1000.00 1165.00 78.543704 204.605538 -917792.369023 28.666551 111.452658 2.690 51.425 2.21501 12.5333 3.09236 11.8711 0.276279 5.61195 10.0656 2.19638 0.449723 0.263166 45.7
1000.00 1160.00 74.097767 192.545583 -862284.787455 26.996068 104.833776 2.711 51.4057 2.33345 12.3331 3.21427 12.2209 0.292856 5.41735 9.83104 2.19978 0.472588 0.278956 44.1
1000.00 1155.00 69.849821 181.043977 -809465.212453 25.401134 98.535816 2.729 51.372 2.46082 12.1213 3.3459 12.5565 0.310666 5.2165 9.62911 2.19495 0.49639 0.295921 42.5
1000.00 1150.00 65.608451 169.598797 -757034.720115 23.812567 92.276195 2.747 51.3289 2.60331 11.8736 3.49258 12.8687 0.33075 4.98649 9.49554 2.18277 0.52231 0.315051 40.9
1000.00 1145.00 61.700477 159.067307 -708976.623689 22.350548 86.533447 2.764 51.2772 2.75013 11.6315 3.64184 13.1599 0.351699 4.76805 9.37368 2.16268 0.548335 0.335006 39.2
1000.00 1140.00 58.089721 149.351034 -664817.960480 21.001615 81.250337 2.781 51.2185 2.90141 11.3962 3.79332 13.4288 0.37356 4.56113 9.26178 2.13516 0.574412 0.355829 37.7
1000.00 1135.00 54.740961 140.354574 -624103.574102 19.752723 76.371647 2.796 51.1541 3.05745 11.1683 3.94678 13.6738 0.396412 4.36493 9.15935 2.10076 0.600533 0.377597 36.3
1000.00 1130.00 51.625578 132.000303 -586463.479825 18.593294 71.852354 2.812 51.086 3.21847 10.9487 4.1018 13.8929 0.420334 4.17865 9.0659 2.06014 0.626693 0.400383 34.9
1000.00 1125.00 48.720183 124.224638 -551594.950443 17.514703 67.655477 2.828 51.0166 3.3846 10.7383 4.25773 14.0838 0.445401 4.00159 8.98091 2.01401 0.652897 0.424259 33.6
1000.00 1120.00 46.005494 116.975042 -519248.232203 16.509859 63.750368 2.844 50.9485 3.55585 10.538 4.41363 14.2439 0.471683 3.83304 8.90383 1.96317 0.679166 0.449294 32.4
1000.00 1115.00 43.465411 110.207517 -489214.748209 15.572862 60.111283 2.862 50.885 3.73205 10.3491 4.56825 14.3703 0.499248 3.67232 8.83407 1.90855 0.705548 0.475551 31.3
1000.00 1110.00 41.086198 103.884444 -461317.034500 14.698702 56.716156 2.881 50.8301 3.91285 10.173 4.71994 14.4598 0.528158 3.51873 8.77099 1.85116 0.732129 0.503089 30.3
1000.00 1105.00 38.855752 97.972653 -435399.949720 13.882993 53.545516 2.903 50.7885 4.09767 10.0113 4.86655 14.5089 0.558476 3.37157 8.71388 1.79208 0.759054 0.531968 29.3
1000.00 1100.00 36.762934 92.441674 -411322.914176 13.121740 50.581502 2.928 50.7658 4.28564 9.86587 5.00538 14.5137 0.590268 3.23009 8.66199 1.73252 0.786538 0.562251 28.4
1000.00 1095.00 28.898844 72.954520 -344708.765795 10.835668 39.522032 3.894 57.2084 3.19226 11.2136 2.32289 10.3792 0.750895 2.40958 8.64876 2.12088 1.03828 0.715254 29.3
1000.00 1090.00 26.661355 67.174487 -321336.892568 10.079323 36.385469 4.107 58.4556 3.09948 11.26 2.0047 9.56829 0.813912 2.22015 8.58295 2.10515 1.11447 0.775279 29.3
1000.00 1085.00 24.886658 62.566272 -302462.182599 9.470814 33.901202 4.292 59.4915 3.0365 11.2663 1.77681 8.88929 0.871953 2.06836 8.51373 2.07272 1.18224 0.830566 29.3
1000.00 1080.00 23.425670 58.756870 -286735.849885 8.964967 31.858030 4.458 60.3947 2.98927 11.2515 1.60153 8.29597 0.926334 1.94103 8.44223 2.03101 1.24403 0.882365 29.4
1000.00 1075.00 22.195046 55.536239 -273370.483858 8.535742 30.138058 4.612 61.2032 2.9513 11.2242 1.46094 7.76627 0.977696 1.83127 8.36896 1.98382 1.30106 0.931289 29.6
1000.00 1070.00 21.141186 52.768607 -261844.136685 8.166014 28.665616 4.757 61.9391 2.91906 11.189 1.34494 7.28727 1.02643 1.73483 8.29419 1.9334 1.35409 0.977712 29.8
1000.00 1065.00 20.226950 50.359540 -251787.082545 7.843720 27.388379 4.894 62.6169 2.89041 11.1485 1.24717 6.85036 1.07283 1.6489 8.21813 1.88119 1.40366 1.0219 30.0
1000.00 1060.00 19.425378 48.240291 -242926.412592 7.559986 26.268437 5.024 63.2468 2.864 11.1045 1.16341 6.44936 1.1171 1.57147 8.14093 1.82815 1.45017 1.06407 30.3
1000.00 1055.00 18.716254 46.359192 -235054.807836 7.308090 25.277415 5.150 63.8362 2.83896 11.0581 1.09067 6.07953 1.15942 1.50107 8.06278 1.77494 1.49396 1.10439 30.6
1000.00 1050.00 18.084049 44.676476 -228011.305739 7.082824 24.393548 5.272 64.3908 2.81467 11.01 1.02681 5.73715 1.19995 1.43657 7.9838 1.72202 1.53528 1.143 30.9
1000.00 1045.00 17.516596 43.160944 -221668.728500 6.880076 23.599811 5.390 64.9149 2.79074 10.9607 0.970195 5.41918 1.23883 1.37711 7.90416 1.66971 1.57438 1.18002 31.2
1000.00 1040.00 17.004216 41.787730 -215925.111068 6.696556 22.882673 5.505 65.4123 2.76688 10.9107 0.919603 5.12308 1.27615 1.322 7.82398 1.61823 1.61144 1.21558 31.5
1000.00 1035.00 16.539095 40.536749 -210697.668160 6.529595 22.231226 5.617 65.8858 2.74291 10.8603 0.874065 4.84672 1.31204 1.27067 7.7434 1.56772 1.64662 1.24977 31.8
1000.00 1030.00 16.112475 39.386094 -205890.452743 6.376194 21.632453 5.728 66.3459 2.71862 10.8108 0.832691 4.58827 1.34678 1.22246 7.65741 1.51852 1.68029 1.27827 32.2
1000.00 1025.00 15.710728 38.303107 -201348.384917 6.231697 21.064436 5.844 66.8253 2.69364 10.7674 0.794451 4.3463 1.38122 1.17621 7.54644 1.47146 1.71331 1.2843 32.5
1000.00 1020.00 15.342014 37.305435 -197171.489960 6.098846 20.542735 5.959 67.2845 2.66831 10.7234 0.759519 4.11939 1.41442 1.13278 7.43695 1.42546 1.74477 1.29051 32.9
1000.00 1015.00 15.002338 36.382805 -193316.559788 5.976257 20.061742 6.071 67.725 2.6426 10.6791 0.727457 3.90627 1.44644 1.0919 7.329 1.38054 1.77479 1.29692 33.3
1000.00 1010.00 14.504616 35.080668 -187395.754819 5.791943 19.366557 6.194 68.2278 2.55143 10.6383 0.708076 3.70879 1.46896 1.04463 7.19555 1.3402 1.81825 1.29798 33.4
1000.00 1005.00 14.024468 33.827113 -181656.317204 5.613505 18.697043 6.318 68.7241 2.45514 10.5975 0.691217 3.52135 1.4875 0.999444 7.06226 1.30079 1.86203 1.2987 33.6
1000.00 1000.00 13.586731 32.681817 -176421.437837 5.450641 18.086782 6.441 69.2022 2.36376 10.5561 0.675107 3.34304 1.50344 0.957419 6.9333 1.26182 1.90385 1.29995 33.8
1000.00 995.00 13.186633 31.632518 -171634.930004 5.301625 17.529025 6.563 69.6632 2.27686 10.5142 0.659663 3.17356 1.51697 0.918224 6.80845 1.22339 1.94376 1.3017 34.0
1000.00 990.00 12.820000 30.668514 -167247.574992 5.164945 17.017891 6.683 70.108 2.19408 10.4718 0.644819 3.01259 1.52829 0.88157 6.68754 1.18557 1.98185 1.30393 34.3
1000.00 985.00 12.483187 29.780461 -163216.257353 5.039273 16.548251 6.803 70.5372 2.11511 10.429 0.630518 2.85978 1.53756 0.847207 6.5704 1.14842 2.01819 1.30665 34.6
1000.00 980.00 12.173003 28.960190 -159503.198600 4.923446 16.115630 6.922 70.9517 2.03965 10.3857 0.616716 2.71476 1.54495 0.814917 6.45688 1.11198 2.05285 1.30985 34.9
1000.00 975.00 11.886656 28.200560 -156075.278789 4.816441 15.716118 7.040 71.3521 1.96747 10.3422 0.603371 2.57718 1.55059 0.784507 6.34685 1.07629 2.08593 1.31353 35.2
1000.00 970.00 11.621701 27.495317 -152903.437806 4.717362 15.346295 7.157 71.739 1.89833 10.2983 0.59045 2.44667 1.55462 0.755809 6.2402 1.04136 2.11749 1.31771 35.5
1000.00 965.00 11.375989 26.838977 -149962.149170 4.625421 15.003166 7.273 72.113 1.83205 10.2542 0.577925 2.32289 1.55716 0.728674 6.13682 1.00721 2.14762 1.32238 35.9
1000.00 960.00 11.147635 26.226722 -147228.959496 4.539924 14.684101 7.388 72.4747 1.76844 10.2099 0.56577 2.20548 1.55833 0.702972 6.03662 0.973859 2.17639 1.32757 36.2
1000.00 955.00 10.934978 25.654314 -144684.086996 4.460258 14.386789 7.503 72.8243 1.70734 10.1654 0.553963 2.09412 1.55823 0.678587 5.93952 0.941302 2.20387 1.33329 36.6
1000.00 950.00 10.736553 25.118015 -142310.072605 4.385884 14.109195 7.617 73.1625 1.64862 10.1208 0.542485 1.98848 1.55695 0.655414 5.84546 0.909543 2.23012 1.33955 37.0
1000.00 945.00 10.551067 24.614524 -140091.477656 4.316324 13.849520 7.730 73.4897 1.59213 10.0761 0.531319 1.88826 1.55458 0.633362 5.75435 0.87858 2.25522 1.34638 37.4
1000.00 940.00 10.377374 24.140915 -138014.622400 4.251153 13.606176 7.843 73.8061 1.53776 10.0314 0.520449 1.79317 1.55119 0.612348 5.66616 0.848406 2.27923 1.3538 37.8
1000.00 935.00 9.198391 21.343062 -122379.476853 3.769685 12.051928 7.879 73.7611 1.49278 10.1108 0.497744 1.70316 1.6623 0.590383 5.56351 0.800352 2.43916 1.37877 38.2
1000.00 930.00 7.938251 18.372538 -105612.670878 3.253547 10.395174 7.892 73.6117 1.45089 10.2214 0.473224 1.61795 1.8027 0.569028 5.46183 0.749756 2.63194 1.40955 38.5
1000.00 925.00 6.254400 14.438071 -83332.773478 2.567981 8.183830 8.014 73.6264 1.41176 10.4003 0.437915 1.49954 1.72868 0.539761 5.29287 0.694011 2.94872 1.42 39.1
1000.00 920.00 4.848152 11.162639 -64690.655504 1.994117 6.339067 8.139 73.6371 1.37417 10.5778 0.404935 1.38893 1.64062 0.51157 5.12815 0.641398 3.2658 1.42951 39.6
1000.00 915.00 3.675929 8.441412 -49114.618538 1.514398 4.803071 8.259 73.6299 1.33789 10.7479 0.375117 1.28842 1.55772 0.485233 4.97417 0.592365 3.5712 1.44005 40.2
1000.00 910.00 2.667255 6.108870 -35680.967499 1.100454 3.482914 8.373 73.6069 1.30286 10.9111 0.348116 1.1968 1.47976 0.46065 4.83052 0.546653 3.86499 1.45167 40.7
1000.00 905.00 1.774132 4.052498 -23759.807427 0.732941 2.315333 8.481 73.5697 1.269 11.0679 0.323623 1.11307 1.40647 0.437709 4.69678 0.504033 4.14735 1.4644 41.2
1000.00 900.00 0.962217 2.192012 -12899.605985 0.397995 1.255080 8.585 73.5199 1.23625 11.2186 0.301363 1.03637 1.33758 0.416297 4.57253 0.464299 4.41853 1.47828 41.7
1000.00 895.00 0.205648 0.467219 -2759.567334 0.085153 0.268111 8.684 73.4588 1.20453 11.3637 0.281094 0.965945 1.27281 0.396305 4.45735 0.427253 4.67885 1.49335 42.2
1000.00 840.00 0.475502 0.865204 -5970.007463 0.163370 0.873795 -2.553 1.65531 0.148074 0.0131587 0.371607 0.000567639 1.52922 1.25978 51.5407 3.48713e-06 0.0117082 43.4698 100.0
1000.00 835.00 0.475124 0.860419 -5970.915583 0.163260 0.873270 -2.555 1.63315 0.142014 0.0126781 0.365635 0.000519513 1.49753 1.252 51.5808 3.19451e-06 0.011291 43.5044 100.0
1000.00 830.00 0.474757 0.855644 -5971.914471 0.163153 0.872759 -2.556 1.61154 0.136195 0.0122134 0.359815 0.000475389 1.46647 1.24444 51.6199 2.92496e-06 0.010887 43.5381 100.0
1000.00 825.00 0.474757 0.851679 -5976.278263 0.163149 0.872758 -2.555 1.61154 0.136195 0.0122134 0.359815 0.000475389 1.46647 1.24444 51.6199 2.92496e-06 0.010887 43.5381 100.0
1000.00 820.00 0.474757 0.847696 -5980.642055 0.163144 0.872758 -2.554 1.61154 0.136195 0.0122134 0.359815 0.000475389 1.46647 1.24444 51.6199 2.92496e-06 0.010887 43.5381 100.0
1000.00 815.00 0.474757 0.843695 -5985.005846 0.163140 0.872758 -2.553 1.61154 0.136195 0.0122134 0.359815 0.000475389 1.46647 1.24444 51.6199 2.92496e-06 0.010887 43.5381 100.0
1000.00 810.00 0.473379 0.836614 -5976.772192 0.162752 0.870849 -2.562 1.53041 0.115135 0.0105039 0.337986 0.000332667 1.34816 1.21646 51.7669 2.0448e-06 0.00939446 43.6648 100.0
1000.00 805.00 0.473057 0.831871 -5978.191878 0.162658 0.870404 -2.564 1.51139 0.110378 0.0101113 0.332872 0.000304094 1.31999 1.21002 51.8014 1.86711e-06 0.0090503 43.6945 100.0
1000.00 800.00 0.472744 0.827131 -5979.689959 0.162567 0.869970 -2.565 1.49286 0.105808 0.0097317 0.327889 0.000277906 1.29237 1.20379 51.8351 1.70384e-06 0.00871703 43.7235 100.0

rhm-oxide_0 thermodynamic data and composition:
Pressure Temperature mass S H V Cp formula SiO2 TiO2 Al2O3 Fe2O3 FeO MnO MgO CaO Na2O K2O P2O5
1000.00 1010.00 0.195282 0.383611 -1415.835197 0.042235 0.179494 Mn0.04Fe''0.75Mg0.09Fe'''0.23Ti0.88O3 0 47.1333 0 12.3749 36.094 2.01414 2.3837 0 0 0 0
1000.00 1005.00 0.401690 0.787742 -2908.720358 0.086815 0.369224 Mn0.04Fe''0.75Mg0.09Fe'''0.24Ti0.88O3 0 46.9956 0 12.5945 35.9931 2.08782 2.32898 0 0 0 0
1000.00 1000.00 0.589599 1.154271 -4264.534703 0.127341 0.541950 Mn0.05Fe''0.75Mg0.08Fe'''0.24Ti0.88O3 0 46.8632 0 12.8071 35.8919 2.15945 2.27824 0 0 0 0
1000.00 995.00 0.760937 1.487144 -5498.067207 0.164239 0.699438 Mn0.05Fe''0.75Mg0.08Fe'''0.24Ti0.88O3 0 46.7362 0 13.0123 35.7914 2.22912 2.231 0 0 0 0
1000.00 990.00 0.917444 1.789913 -6622.571680 0.197896 0.843281 Mn0.05Fe''0.75Mg0.08Fe'''0.25Ti0.88O3 0 46.6145 0 13.2098 35.692 2.29691 2.18686 0 0 0 0
1000.00 985.00 1.060680 2.065755 -7649.873886 0.228656 0.974906 Mn0.05Fe''0.74Mg0.08Fe'''0.25Ti0.87O3 0 46.4981 0 13.3994 35.5942 2.36292 2.14545 0 0 0 0
1000.00 980.00 1.192041 2.317505 -8590.487730 0.256826 1.095589 Mn0.05Fe''0.74Mg0.08Fe'''0.26Ti0.87O3 0 46.3868 0 13.581 35.4985 2.42724 2.10648 0 0 0 0
1000.00 975.00 1.312767 2.547684 -9453.734954 0.282680 1.206466 Mn0.05Fe''0.74Mg0.08Fe'''0.26Ti0.87O3 0 46.2807 0 13.7545 35.4052 2.48995 2.06967 0 0 0 0
1000.00 970.00 1.423959 2.758527 -10247.863674 0.306459 1.308544 Mn0.05Fe''0.74Mg0.08Fe'''0.26Ti0.87O3 0 46.1796 0 13.9201 35.3145 2.55113 2.03479 0 0 0 0
1000.00 965.00 1.526596 2.952013 -10980.162285 0.328379 1.402720 Mn0.06Fe''0.74Mg0.07Fe'''0.27Ti0.87O3 0 46.0834 0 14.0775 35.2265 2.61086 2.00165 0 0 0 0
1000.00 960.00 1.621543 3.129895 -11657.066372 0.348628 1.489786 Mn0.06Fe''0.74Mg0.07Fe'''0.27Ti0.87O3 0 45.992 0 14.2271 35.1416 2.66922 1.97007 0 0 0 0
1000.00 955.00 1.709566 3.293723 -12284.257236 0.367375 1.570443 Mn0.06Fe''0.73Mg0.07Fe'''0.27Ti0.86O3 0 45.9054 0 14.3687 35.0597 2.72628 1.93989 0 0 0 0
1000.00 950.00 1.791343 3.444868 -12866.751394 0.384769 1.645313 Mn0.06Fe''0.73Mg0.07Fe'''0.27Ti0.86O3 0 45.8234 0 14.5026 34.9809 2.78209 1.91099 0 0 0 0
1000.00 945.00 1.867476 3.584544 -13408.980969 0.400940 1.714947 Mn0.06Fe''0.73Mg0.07Fe'''0.28Ti0.86O3 0 45.7459 0 14.6288 34.9054 2.83672 1.88324 0 0 0 0
1000.00 940.00 1.938498 3.713827 -13914.865272 0.416005 1.779834 Mn0.06Fe''0.73Mg0.07Fe'''0.28Ti0.86O3 0 45.6728 0 14.7474 34.8331 2.89023 1.85653 0 0 0 0
1000.00 935.00 2.028965 3.880359 -14566.035137 0.435205 1.862340 Mn0.07Fe''0.73Mg0.07Fe'''0.28Ti0.86O3 0 45.6267 0 14.8021 34.6021 3.15902 1.81009 0 0 0 0
1000.00 930.00 2.116102 4.040024 -15195.857871 0.453670 1.941668 Mn0.07Fe''0.72Mg0.07Fe'''0.28Ti0.86O3 0 45.5895 0 14.8372 34.3218 3.49213 1.75934 0 0 0 0
1000.00 925.00 2.182542 4.158265 -15685.276653 0.467843 2.001683 Mn0.07Fe''0.72Mg0.07Fe'''0.28Ti0.86O3 0 45.6164 0 14.782 34.3526 3.49505 1.75401 0 0 0 0
1000.00 920.00 2.235389 4.249942 -16078.480030 0.479113 2.049128 Mn0.07Fe''0.72Mg0.07Fe'''0.28Ti0.86O3 0 45.6518 0 14.7127 34.4167 3.46694 1.75182 0 0 0 0
1000.00 915.00 2.279344 4.324257 -16408.386958 0.488474 2.088353 Mn0.07Fe''0.72Mg0.07Fe'''0.28Ti0.86O3 0 45.6894 0 14.6387 34.485 3.43801 1.74895 0 0 0 0
1000.00 910.00 2.316962 4.386156 -16693.225531 0.496475 2.121713 Mn0.07Fe''0.72Mg0.07Fe'''0.27Ti0.86O3 0 45.7287 0 14.561 34.5562 3.40852 1.74553 0 0 0 0
1000.00 905.00 2.349964 4.438976 -16945.292575 0.503484 2.150795 Mn0.07Fe''0.73Mg0.07Fe'''0.27Ti0.86O3 0 45.7693 0 14.4804 34.6299 3.37867 1.74167 0 0 0 0
1000.00 900.00 2.379563 4.485055 -17173.234619 0.509763 2.176716 Mn0.07Fe''0.73Mg0.06Fe'''0.27Ti0.86O3 0 45.8111 0 14.3974 34.7055 3.3486 1.73743 0 0 0 0
1000.00 895.00 2.406643 4.526104 -17383.378457 0.515500 2.200291 Mn0.07Fe''0.73Mg0.06Fe'''0.27Ti0.86O3 0 45.8538 0 14.3124 34.7825 3.31843 1.73288 0 0 0 0
1000.00 890.00 2.417774 4.536884 -17478.587601 0.517819 2.209220 Mn0.07Fe''0.73Mg0.06Fe'''0.27Ti0.87O3 0 45.9005 0 14.2185 34.8686 3.2857 1.72675 0 0 0 0
1000.00 885.00 2.423256 4.536924 -17533.058969 0.518926 2.212957 Mn0.07Fe''0.73Mg0.06Fe'''0.27Ti0.87O3 0 45.9489 0 14.1208 34.9584 3.25207 1.71991 0 0 0 0
1000.00 880.00 2.428840 4.537063 -17588.317240 0.520054 2.216770 Mn0.07Fe''0.74Mg0.06Fe'''0.26Ti0.87O3 0 45.9976 0 14.0223 35.0487 3.21855 1.71288 0 0 0 0
1000.00 875.00 2.434518 4.537288 -17644.318542 0.521202 2.220656 Mn0.07Fe''0.74Mg0.06Fe'''0.26Ti0.87O3 0 46.0466 0 13.9231 35.1395 3.18513 1.70565 0 0 0 0
1000.00 870.00 2.434518 4.527598 -17655.419574 0.521118 2.219756 Mn0.07Fe''0.74Mg0.06Fe'''0.26Ti0.87O3 0 46.0466 0 13.9231 35.1395 3.18513 1.70565 0 0 0 0
1000.00 865.00 2.446088 4.537855 -17758.037980 0.523542 2.228575 Mn0.07Fe''0.74Mg0.06Fe'''0.26Ti0.87O3 0 46.1456 0 13.7226 35.3227 3.1186 1.69062 0 0 0 0
1000.00 860.00 2.451988 4.538210 -17815.812555 0.524736 2.232616 Mn0.07Fe''0.74Mg0.06Fe'''0.26Ti0.87O3 0 46.1955 0 13.6212 35.415 3.08551 1.68281 0 0 0 0
1000.00 855.00 2.457957 4.538597 -17874.148301 0.525944 2.236705 Mn0.06Fe''0.74Mg0.06Fe'''0.26Ti0.87O3 0 46.2456 0 13.5193 35.5078 3.05252 1.67481 0 0 0 0
1000.00 850.00 2.463992 4.539007 -17933.007563 0.527165 2.240837 Mn0.06Fe''0.75Mg0.06Fe'''0.25Ti0.87O3 0 46.2961 0 13.4166 35.601 3.01964 1.66662 0 0 0 0
1000.00 845.00 2.470086 4.539427 -17992.353741 0.528399 2.245007 Mn0.06Fe''0.75Mg0.06Fe'''0.25Ti0.87O3 0 46.3468 0 13.3134 35.6947 2.98688 1.65823 0 0 0 0
1000.00 840.00 2.474172 4.535938 -18037.065751 0.529199 2.247276 Mn0.06Fe''0.75Mg0.06Fe'''0.25Ti0.88O3 0 46.4036 0 13.1963 35.803 2.95007 1.64707 0 0 0 0
1000.00 835.00 2.480448 4.536502 -18097.815042 0.530470 2.251582 Mn0.06Fe''0.75Mg0.06Fe'''0.25Ti0.88O3 0 46.4546 0 13.0922 35.8973 2.9176 1.63834 0 0 0 0
1000.00 830.00 2.486767 4.537041 -18158.925815 0.531749 2.255909 Mn0.06Fe''0.76Mg0.06Fe'''0.25Ti0.88O3 0 46.5058 0 12.9875 35.992 2.88524 1.62942 0 0 0 0
1000.00 825.00 2.486767 4.526795 -18170.202905 0.531664 2.254925 Mn0.06Fe''0.76Mg0.06Fe'''0.25Ti0.88O3 0 46.5058 0 12.9875 35.992 2.88524 1.62942 0 0 0 0
1000.00 820.00 2.486767 4.516507 -18181.475051 0.531579 2.253932 Mn0.06Fe''0.76Mg0.06Fe'''0.25Ti0.88O3 0 46.5058 0 12.9875 35.992 2.88524 1.62942 0 0 0 0
1000.00 815.00 2.486767 4.506177 -18192.742209 0.531494 2.252930 Mn0.06Fe''0.76Mg0.06Fe'''0.25Ti0.88O3 0 46.5058 0 12.9875 35.992 2.88524 1.62942 0 0 0 0
1000.00 810.00 2.512385 4.538779 -18406.373598 0.536933 2.273363 Mn0.06Fe''0.76Mg0.06Fe'''0.24Ti0.88O3 0 46.7127 0 12.5634 36.3749 2.75703 1.59185 0 0 0 0
1000.00 805.00 2.518856 4.539069 -18468.843378 0.538242 2.277745 Mn0.06Fe''0.77Mg0.06Fe'''0.24Ti0.88O3 0 46.7649 0 12.4562 36.4716 2.72528 1.58199 0 0 0 0
1000.00 800.00 2.525347 4.539286 -18531.502166 0.539554 2.282127 Mn0.06Fe''0.77Mg0.06Fe'''0.23Ti0.88O3 0 46.8173 0 12.3485 36.5686 2.69365 1.57196 0 0 0 0

feldspar_1 thermodynamic data and composition:
Pressure Temperature mass S H V Cp formula SiO2 TiO2 Al2O3 Fe2O3 FeO MnO MgO CaO Na2O K2O P2O5
1000.00 865.00 0.107483 0.232585 -1450.370697 0.042743 0.126689 K0.75Na0.22Ca0.03Al1.03Si2.97O8 64.9618 0 19.0822 0 0 0 0 0.585086 2.45536 12.9155 0
1000.00 860.00 0.161130 0.347781 -2174.977660 0.064072 0.189847 K0.76Na0.22Ca0.03Al1.03Si2.97O8 64.9698 0 19.0677 0 0 0 0 0.57127 2.43522 12.956 0
1000.00 855.00 0.213597 0.459838 -2884.117667 0.084928 0.251567 K0.76Na0.21Ca0.03Al1.03Si2.97O8 64.9775 0 19.0535 0 0 0 0 0.557695 2.41505 12.9962 0
1000.00 850.00 0.264913 0.568831 -3578.145315 0.105324 0.311881 K0.76Na0.21Ca0.03Al1.03Si2.97O8 64.985 0 19.0394 0 0 0 0 0.544359 2.39483 13.0364 0
1000.00 845.00 0.315102 0.674833 -4257.403480 0.125268 0.370824 K0.76Na0.21Ca0.03Al1.03Si2.97O8 64.9922 0 19.0256 0 0 0 0 0.531258 2.37456 13.0764 0
1000.00 840.00 0.363763 0.776998 -4916.431868 0.144601 0.427924 K0.77Na0.21Ca0.03Al1.03Si2.97O8 64.9991 0 19.012 0 0 0 0 0.518394 2.35433 13.1162 0
1000.00 835.00 0.411794 0.877266 -5567.380754 0.163681 0.484241 K0.77Na0.21Ca0.02Al1.02Si2.98O8 65.0058 0 18.9985 0 0 0 0 0.505755 2.33398 13.1559 0
1000.00 830.00 0.458774 0.974744 -6204.513516 0.182339 0.539280 K0.77Na0.21Ca0.02Al1.02Si2.98O8 65.0122 0 18.9853 0 0 0 0 0.493343 2.31359 13.1956 0
1000.00 825.00 0.458774 0.972295 -6207.209542 0.182314 0.539131 K0.77Na0.21Ca0.02Al1.02Si2.98O8 65.0122 0 18.9853 0 0 0 0 0.493343 2.31359 13.1956 0
1000.00 820.00 0.458774 0.969835 -6209.904830 0.182290 0.538985 K0.77Na0.21Ca0.02Al1.02Si2.98O8 65.0122 0 18.9853 0 0 0 0 0.493343 2.31359 13.1956 0
1000.00 815.00 0.458774 0.967364 -6212.599396 0.182266 0.538842 K0.77Na0.21Ca0.02Al1.02Si2.98O8 65.0122 0 18.9853 0 0 0 0 0.493343 2.31359 13.1956 0
1000.00 810.00 0.636621 1.338011 -8620.764444 0.252935 0.747234 K0.78Na0.20Ca0.02Al1.02Si2.98O8 65.0354 0 18.9343 0 0 0 0 0.445912 2.23164 13.3527 0
1000.00 805.00 0.678673 1.422461 -9193.150027 0.269618 0.796313 K0.78Na0.20Ca0.02Al1.02Si2.98O8 65.0406 0 18.9221 0 0 0 0 0.434595 2.21106 13.3917 0
1000.00 800.00 0.719801 1.504476 -9753.391237 0.285930 0.844282 K0.78Na0.19Ca0.02Al1.02Si2.98O8 65.0455 0 18.91 0 0 0 0 0.423489 2.19045 13.4305 0

whitlockite thermodynamic data and composition:
Pressure Temperature mass S H V Cp formula
1000.00 1030.00 0.001616 0.003607 -19.568134 0.000509 0.002212 Ca3(PO4)2
1000.00 1025.00 0.010768 0.023973 -130.454947 0.003389 0.014697 Ca3(PO4)2
1000.00 1020.00 0.019033 0.042273 -230.708281 0.005990 0.025903 Ca3(PO4)2
1000.00 1015.00 0.026510 0.058739 -321.515221 0.008343 0.035974 Ca3(PO4)2
1000.00 1010.00 0.040281 0.089041 -488.813078 0.012677 0.054507 Ca3(PO4)2
1000.00 1005.00 0.053679 0.118372 -651.750267 0.016894 0.072428 Ca3(PO4)2
1000.00 1000.00 0.065731 0.144603 -798.531194 0.020687 0.088439 Ca3(PO4)2
1000.00 995.00 0.076593 0.168093 -930.997512 0.024105 0.102761 Ca3(PO4)2
1000.00 990.00 0.086395 0.189148 -1050.724187 0.027190 0.115584 Ca3(PO4)2
1000.00 985.00 0.095251 0.208031 -1159.061578 0.029977 0.127073 Ca3(PO4)2
1000.00 980.00 0.103257 0.224969 -1257.170009 0.032497 0.137366 Ca3(PO4)2
1000.00 975.00 0.110496 0.240155 -1346.048405 0.034775 0.146586 Ca3(PO4)2
1000.00 970.00 0.117042 0.253759 -1426.558152 0.036835 0.154835 Ca3(PO4)2
1000.00 965.00 0.122955 0.265924 -1499.443053 0.038696 0.162204 Ca3(PO4)2
1000.00 960.00 0.128290 0.276778 -1565.346074 0.040375 0.168772 Ca3(PO4)2
1000.00 955.00 0.133093 0.286430 -1624.823415 0.041887 0.174605 Ca3(PO4)2
1000.00 950.00 0.137404 0.294974 -1678.356363 0.043243 0.179763 Ca3(PO4)2
1000.00 945.00 0.141258 0.302493 -1726.361260 0.044457 0.184297 Ca3(PO4)2
1000.00 940.00 0.144686 0.309058 -1769.197926 0.045535 0.188250 Ca3(PO4)2
1000.00 935.00 0.174546 0.371904 -2135.453990 0.054933 0.226479 Ca3(PO4)2
1000.00 930.00 0.207175 0.440313 -2535.988468 0.065202 0.268081 Ca3(PO4)2
1000.00 925.00 0.257612 0.546121 -3155.041954 0.081075 0.332437 Ca3(PO4)2
1000.00 920.00 0.300241 0.634874 -3679.064734 0.094491 0.386395 Ca3(PO4)2
1000.00 915.00 0.336013 0.708700 -4119.555412 0.105749 0.431260 Ca3(PO4)2
1000.00 910.00 0.367077 0.772236 -4502.761327 0.115526 0.469857 Ca3(PO4)2
1000.00 905.00 0.394916 0.828663 -4846.766018 0.124287 0.504128 Ca3(PO4)2
1000.00 900.00 0.420605 0.880288 -5164.736403 0.132372 0.535480 Ca3(PO4)2
1000.00 895.00 0.444978 0.928881 -5466.841316 0.140042 0.564991 Ca3(PO4)2
1000.00 890.00 0.451689 0.940433 -5552.153976 0.142155 0.571980 Ca3(PO4)2
1000.00 885.00 0.451689 0.937972 -5555.010064 0.142155 0.570457 Ca3(PO4)2
1000.00 880.00 0.451689 0.935508 -5557.858555 0.142155 0.568941 Ca3(PO4)2
1000.00 875.00 0.451689 0.933039 -5560.699491 0.142155 0.567434 Ca3(PO4)2
1000.00 870.00 0.451689 0.930565 -5563.532912 0.142155 0.565935 Ca3(PO4)2
1000.00 865.00 0.451689 0.928088 -5566.358859 0.142155 0.564445 Ca3(PO4)2
1000.00 860.00 0.451689 0.925606 -5569.177374 0.142155 0.562962 Ca3(PO4)2
1000.00 855.00 0.451689 0.923120 -5571.988496 0.142155 0.561488 Ca3(PO4)2
1000.00 850.00 0.451689 0.920629 -5574.792265 0.142155 0.560021 Ca3(PO4)2
1000.00 845.00 0.451689 0.918134 -5577.588722 0.142155 0.558563 Ca3(PO4)2

feldspar_0 thermodynamic data and composition:
Pressure Temperature mass S H V Cp formula SiO2 TiO2 Al2O3 Fe2O3 FeO MnO MgO CaO Na2O K2O P2O5
1000.00 1190.00 1.078216 2.637495 -14852.121628 0.404984 1.328616 K0.00Na0.26Ca0.74Al1.74Si2.26O8 49.5974 0 32.322 0 0 0 0 15.0931 2.92653 0.0609141 0
1000.00 1185.00 2.783141 6.800232 -38348.894298 1.045839 3.428244 K0.00Na0.27Ca0.73Al1.73Si2.27O8 49.7873 0 32.1933 0 0 0 0 14.9426 3.01209 0.0647416 0
1000.00 1180.00 4.864533 11.875200 -67045.055125 1.829283 5.990197 K0.00Na0.28Ca0.72Al1.72Si2.28O8 50.0636 0 32.0059 0 0 0 0 14.7236 3.13669 0.0701988 0
1000.00 1175.00 7.096506 17.310315 -97828.317653 2.670848 8.736097 K0.00Na0.29Ca0.71Al1.71Si2.29O8 50.3825 0 31.7896 0 0 0 0 14.4707 3.28028 0.0768932 0
1000.00 1170.00 9.260189 22.569640 -127683.776365 3.488021 11.396267 K0.00Na0.30Ca0.69Al1.69Si2.31O8 50.6942 0 31.5781 0 0 0 0 14.2234 3.42017 0.0841699 0
1000.00 1165.00 11.370065 27.688128 -156811.021543 4.286117 13.988520 K0.01Na0.31Ca0.68Al1.68Si2.32O8 50.9965 0 31.3727 0 0 0 0 13.9834 3.55535 0.09209 0
1000.00 1160.00 13.428932 32.672112 -185248.717447 5.066042 16.517171 K0.01Na0.32Ca0.67Al1.67Si2.33O8 51.2874 0 31.1748 0 0 0 0 13.7523 3.68486 0.1007 0
1000.00 1155.00 15.426642 37.496434 -212856.998153 5.823815 18.968152 K0.01Na0.34Ca0.66Al1.66Si2.34O8 51.5654 0 30.9854 0 0 0 0 13.5312 3.80797 0.110019 0
1000.00 1150.00 17.472804 42.425733 -241149.872291 6.600504 21.476701 K0.01Na0.34Ca0.65Al1.65Si2.35O8 51.8201 0 30.8115 0 0 0 0 13.3283 3.91974 0.120303 0
1000.00 1145.00 19.351646 46.936837 -267148.407229 7.314691 23.777717 K0.01Na0.35Ca0.64Al1.64Si2.36O8 52.0638 0 30.6449 0 0 0 0 13.134 4.0261 0.131125 0
1000.00 1140.00 21.076863 51.063704 -291040.334654 7.971372 25.888170 K0.01Na0.36Ca0.63Al1.63Si2.37O8 52.2966 0 30.4856 0 0 0 0 12.9482 4.12709 0.142459 0
1000.00 1135.00 22.663084 54.842474 -313026.531581 8.575912 27.826165 K0.01Na0.37Ca0.62Al1.62Si2.38O8 52.5182 0 30.3337 0 0 0 0 12.7712 4.22263 0.154271 0
1000.00 1130.00 24.122018 58.302145 -333267.692304 9.132594 29.606204 K0.01Na0.38Ca0.61Al1.61Si2.39O8 52.7284 0 30.1894 0 0 0 0 12.6031 4.31264 0.166512 0
1000.00 1125.00 25.463052 61.466050 -351892.585471 9.644837 31.239928 K0.01Na0.39Ca0.60Al1.60Si2.40O8 52.9269 0 30.0528 0 0 0 0 12.4441 4.39705 0.179112 0
1000.00 1120.00 26.693727 64.353033 -369004.571243 10.115377 32.736706 K0.01Na0.39Ca0.60Al1.60Si2.40O8 53.1136 0 29.9242 0 0 0 0 12.2944 4.47583 0.191979 0
1000.00 1115.00 27.820118 66.978395 -384686.880712 10.546409 34.104108 K0.01Na0.40Ca0.59Al1.59Si2.41O8 53.2883 0 29.8036 0 0 0 0 12.1541 4.54898 0.204999 0
1000.00 1110.00 28.847155 69.354675 -399006.948794 10.939706 35.348300 K0.01Na0.40Ca0.58Al1.58Si2.42O8 53.451 0 29.6911 0 0 0 0 12.0234 4.61654 0.218032 0
1000.00 1105.00 29.778872 71.492291 -412019.913661 11.296719 36.474354 K0.01Na0.41Ca0.58Al1.58Si2.42O8 53.6016 0 29.5867 0 0 0 0 11.9022 4.67862 0.230915 0
1000.00 1100.00 30.618606 73.400009 -423771.243773 11.618645 37.486492 K0.01Na0.41Ca0.57Al1.57Si2.43O8 53.7404 0 29.4904 0 0 0 0 11.7903 4.73542 0.243465 0
1000.00 1095.00 31.020548 74.210731 -429598.858962 11.767107 37.961902 K0.01Na0.41Ca0.57Al1.57Si2.43O8 53.673 0 29.5444 0 0 0 0 11.8505 4.72685 0.205182 0
1000.00 1090.00 31.803115 75.960032 -440599.243501 12.065812 38.902063 K0.01Na0.42Ca0.57Al1.57Si2.43O8 53.7672 0 29.4801 0 0 0 0 11.7755 4.76795 0.209309 0
1000.00 1085.00 32.484883 77.460288 -450212.676522 12.325998 39.717706 K0.01Na0.42Ca0.57Al1.57Si2.43O8 53.8512 0 29.4224 0 0 0 0 11.7083 4.80416 0.213882 0
1000.00 1080.00 33.082307 78.751736 -458666.468819 12.553875 40.429131 K0.01Na0.42Ca0.56Al1.56Si2.44O8 53.9255 0 29.3714 0 0 0 0 11.6489 4.83579 0.218476 0
1000.00 1075.00 33.609570 79.869186 -466156.105068 12.754836 41.053828 K0.01Na0.43Ca0.56Al1.56Si2.44O8 53.9909 0 29.3263 0 0 0 0 11.5965 4.86341 0.222938 0
1000.00 1070.00 34.078231 80.841060 -472840.728272 12.933288 41.606053 K0.01Na0.43Ca0.56Al1.56Si2.44O8 54.0485 0 29.2865 0 0 0 0 11.5502 4.88756 0.227209 0
1000.00 1065.00 34.497612 81.690310 -478848.597192 13.092795 42.097299 K0.01Na0.43Ca0.56Al1.56Si2.44O8 54.0995 0 29.2513 0 0 0 0 11.5092 4.90876 0.23127 0
1000.00 1060.00 34.875238 82.435485 -484283.212677 13.236238 42.536849 K0.01Na0.43Ca0.56Al1.56Si2.44O8 54.1447 0 29.2199 0 0 0 0 11.4728 4.92741 0.23512 0
1000.00 1055.00 35.217217 83.091653 -489228.530627 13.365957 42.932233 K0.01Na0.43Ca0.55Al1.55Si2.45O8 54.185 0 29.192 0 0 0 0 11.4404 4.94387 0.238768 0
1000.00 1050.00 35.528537 83.671129 -493753.107933 13.483869 43.289606 K0.01Na0.43Ca0.55Al1.55Si2.45O8 54.2209 0 29.167 0 0 0 0 11.4114 4.95846 0.242224 0
1000.00 1045.00 35.813302 84.184052 -497913.329342 13.591549 43.614027 K0.01Na0.44Ca0.55Al1.55Si2.45O8 54.2531 0 29.1446 0 0 0 0 11.3854 4.97142 0.245503 0
1000.00 1040.00 36.074913 84.638830 -501755.904356 13.690304 43.909693 K0.01Na0.44Ca0.55Al1.55Si2.45O8 54.282 0 29.1244 0 0 0 0 11.362 4.98297 0.248616 0
1000.00 1035.00 36.316208 85.042481 -505319.800889 13.781227 44.180103 K0.01Na0.44Ca0.55Al1.55Si2.45O8 54.3081 0 29.1062 0 0 0 0 11.3408 4.99328 0.251578 0
1000.00 1030.00 36.539739 85.401297 -508640.066298 13.865299 44.428400 K0.01Na0.44Ca0.55Al1.55Si2.45O8 54.3317 0 29.0897 0 0 0 0 11.3217 5.0025 0.254419 0
1000.00 1025.00 36.748042 85.721466 -511751.480320 13.943492 44.657691 K0.01Na0.44Ca0.55Al1.55Si2.45O8 54.3529 0 29.0747 0 0 0 0 11.3044 5.01068 0.257229 0
1000.00 1020.00 36.941919 86.005120 -514665.027846 14.016122 44.868995 K0.01Na0.44Ca0.55Al1.55Si2.45O8 54.3722 0 29.0611 0 0 0 0 11.2887 5.01803 0.259912 0
1000.00 1015.00 37.122904 86.255098 -517402.991864 14.083745 45.315028 K0.02Na0.44Ca0.55Al1.55Si2.45O8 54.3898 0 29.0487 0 0 0 0 11.2744 5.02465 0.262479 0
1000.00 1010.00 37.361859 86.635461 -520949.137448 14.173058 45.582385 K0.02Na0.44Ca0.54Al1.54Si2.46O8 54.3997 0 29.0409 0 0 0 0 11.2656 5.02624 0.267572 0
1000.00 1005.00 37.593518 86.995632 -524396.486164 14.259509 45.840290 K0.02Na0.44Ca0.54Al1.54Si2.46O8 54.4077 0 29.0343 0 0 0 0 11.2583 5.02684 0.272813 0
1000.00 1000.00 37.808589 87.314473 -527615.689005 14.339612 46.077554 K0.02Na0.44Ca0.54Al1.54Si2.46O8 54.4148 0 29.0285 0 0 0 0 11.2518 5.02716 0.277793 0
1000.00 995.00 38.008909 87.596447 -530632.042858 14.414069 46.296446 K0.02Na0.44Ca0.54Al1.54Si2.46O8 54.4209 0 29.0232 0 0 0 0 11.2461 5.02723 0.282521 0
1000.00 990.00 38.196081 87.845452 -533467.678201 14.483489 46.498950 K0.02Na0.44Ca0.54Al1.54Si2.46O8 54.4263 0 29.0186 0 0 0 0 11.241 5.02706 0.287011 0
1000.00 985.00 38.371510 88.064896 -536141.947759 14.548411 46.686803 K0.02Na0.44Ca0.54Al1.54Si2.46O8 54.4309 0 29.0146 0 0 0 0 11.2366 5.02668 0.291273 0
1000.00 980.00 38.536424 88.257761 -538671.776277 14.609303 46.861525 K0.02Na0.44Ca0.54Al1.54Si2.46O8 54.4348 0 29.011 0 0 0 0 11.2328 5.0261 0.295321 0
1000.00 975.00 38.691897 88.426651 -541071.972674 14.666575 47.024447 K0.02Na0.44Ca0.54Al1.54Si2.46O8 54.4381 0 29.0079 0 0 0 0 11.2295 5.02534 0.299166 0
1000.00 970.00 38.838871 88.573848 -543355.506393 14.720588 47.176735 K0.02Na0.44Ca0.54Al1.54Si2.46O8 54.4407 0 29.0053 0 0 0 0 11.2267 5.02442 0.302819 0
1000.00 965.00 38.978170 88.701352 -545533.750299 14.771656 47.319411 K0.02Na0.44Ca0.54Al1.54Si2.46O8 54.4428 0 29.0031 0 0 0 0 11.2244 5.02334 0.306292 0
1000.00 960.00 39.110521 88.810920 -547616.692888 14.820058 47.453377 K0.02Na0.44Ca0.54Al1.54Si2.46O8 54.4444 0 29.0013 0 0 0 0 11.2225 5.02213 0.309595 0
1000.00 955.00 39.236562 88.904096 -549613.122769 14.866038 47.579427 K0.02Na0.44Ca0.54Al1.54Si2.46O8 54.4455 0 28.9999 0 0 0 0 11.2211 5.02079 0.312738 0
1000.00 950.00 39.356854 88.982243 -551530.788415 14.909810 47.698260 K0.02Na0.44Ca0.54Al1.54Si2.46O8 54.4462 0 28.9988 0 0 0 0 11.22 5.01933 0.315731 0
1000.00 945.00 39.471896 89.046562 -553376.536092 14.951567 47.810499 K0.02Na0.44Ca0.54Al1.54Si2.46O8 54.4464 0 28.9979 0 0 0 0 11.2193 5.01777 0.318581 0
1000.00 940.00 39.582128 89.098121 -555156.428716 14.991476 47.916696 K0.02Na0.44Ca0.54Al1.54Si2.46O8 54.4463 0 28.9974 0 0 0 0 11.2189 5.01611 0.321296 0
1000.00 935.00 39.987788 89.812682 -561034.295202 15.143653 48.376944 K0.02Na0.44Ca0.54Al1.54Si2.46O8 54.4497 0 28.989 0 0 0 0 11.2111 5.00168 0.348448 0
1000.00 930.00 40.420375 90.583090 -567279.035738 15.306134 48.868188 K0.02Na0.44Ca0.54Al1.54Si2.46O8 54.4544 0 28.9781 0 0 0 0 11.201 4.98355 0.382902 0
1000.00 925.00 41.008664 91.695722 -575674.886785 15.527644 49.543901 K0.03Na0.43Ca0.54Al1.54Si2.46O8 54.4566 0 28.9645 0 0 0 0 11.1893 4.95254 0.437165 0
1000.00 920.00 41.524419 92.640678 -583048.112375 15.721931 50.131003 K0.03Na0.43Ca0.54Al1.54Si2.46O8 54.4638 0 28.9467 0 0 0 0 11.1729 4.92203 0.494574 0
1000.00 915.00 41.977479 93.440772 -589539.067662 15.892688 50.641734 K0.03Na0.43Ca0.54Al1.54Si2.46O8 54.4754 0 28.9256 0 0 0 0 11.1528 4.89255 0.55369 0
1000.00 910.00 42.388477 94.142574 -595436.499516 16.047711 51.101061 K0.04Na0.43Ca0.54Al1.54Si2.46O8 54.4907 0 28.9015 0 0 0 0 11.1294 4.86358 0.614816 0
1000.00 905.00 42.771801 94.778458 -600941.464795 16.192438 51.526370 K0.04Na0.42Ca0.54Al1.54Si2.46O8 54.5092 0 28.8748 0 0 0 0 11.103 4.83471 0.678299 0
1000.00 900.00 43.138111 95.372308 -606202.627832 16.330908 51.930514 K0.04Na0.42Ca0.54Al1.54Si2.46O8 54.5307 0 28.8454 0 0 0 0 11.0737 4.80562 0.744548 0
1000.00 895.00 43.495844 95.942912 -611337.278627 16.466325 52.323639 K0.05Na0.42Ca0.53Al1.53Si2.47O8 54.5552 0 28.8132 0 0 0 0 11.0415 4.77599 0.81405 0
1000.00 890.00 43.604764 95.958593 -613086.479342 16.506031 52.422965 K0.05Na0.42Ca0.53Al1.53Si2.47O8 54.5605 0 28.8052 0 0 0 0 11.0336 4.76661 0.834083 0
1000.00 885.00 43.617156 95.759209 -613524.408342 16.508551 52.408588 K0.05Na0.42Ca0.53Al1.53Si2.47O8 54.5575 0 28.8073 0 0 0 0 11.0361 4.76534 0.833846 0
1000.00 880.00 43.629578 95.558908 -613962.760820 16.511082 52.394362 K0.05Na0.42Ca0.53Al1.53Si2.47O8 54.5544 0 28.8094 0 0 0 0 11.0385 4.76407 0.833609 0
1000.00 875.00 43.642026 95.357675 -614401.501577 16.513624 52.380316 K0.05Na0.42Ca0.53Al1.53Si2.47O8 54.5513 0 28.8115 0 0 0 0 11.041 4.76279 0.833371 0
1000.00 870.00 43.642026 95.129132 -614663.331619 16.511604 52.351738 K0.05Na0.42Ca0.53Al1.53Si2.47O8 54.5513 0 28.8115 0 0 0 0 11.041 4.76279 0.833371 0
1000.00 865.00 43.558236 94.710194 -613819.406843 16.475989 52.224631 K0.05Na0.42Ca0.54Al1.54Si2.46O8 54.5189 0 28.8402 0 0 0 0 11.0722 4.76561 0.803104 0
1000.00 860.00 43.516461 94.386004 -613529.395777 16.457226 52.147389 K0.05Na0.42Ca0.54Al1.54Si2.46O8 54.5025 0 28.8546 0 0 0 0 11.088 4.76707 0.787803 0
1000.00 855.00 43.475894 94.064003 -613255.219949 16.438942 52.071940 K0.04Na0.42Ca0.54Al1.54Si2.46O8 54.4864 0 28.8689 0 0 0 0 11.1035 4.76852 0.772705 0
1000.00 850.00 43.436504 93.744100 -612996.489970 16.421126 51.998306 K0.04Na0.42Ca0.54Al1.54Si2.46O8 54.4705 0 28.8829 0 0 0 0 11.1188 4.76996 0.757807 0
1000.00 845.00 43.398263 93.426205 -612752.828614 16.403765 51.926515 K0.04Na0.42Ca0.54Al1.54Si2.46O8 54.4549 0 28.8968 0 0 0 0 11.1338 4.77138 0.743108 0
1000.00 840.00 43.359468 93.106750 -612500.002444 16.386236 51.854634 K0.04Na0.42Ca0.54Al1.54Si2.46O8 54.4398 0 28.9102 0 0 0 0 11.1484 4.77296 0.728636 0
1000.00 835.00 43.323465 92.792671 -612285.723725 16.369763 51.786683 K0.04Na0.42Ca0.54Al1.54Si2.46O8 54.4246 0 28.9237 0 0 0 0 11.1631 4.77435 0.714326 0
1000.00 830.00 43.288528 92.480347 -612085.450632 16.353712 51.720723 K0.04Na0.42Ca0.54Al1.54Si2.46O8 54.4096 0 28.9369 0 0 0 0 11.1775 4.77572 0.70021 0
1000.00 825.00 43.288528 92.245446 -612343.993729 16.351729 51.696663 K0.04Na0.42Ca0.54Al1.54Si2.46O8 54.4096 0 28.9369 0 0 0 0 11.1775 4.77572 0.70021 0
1000.00 820.00 43.288528 92.009581 -612602.418840 16.349746 51.673551 K0.04Na0.42Ca0.54Al1.54Si2.46O8 54.4096 0 28.9369 0 0 0 0 11.1775 4.77572 0.70021 0
1000.00 815.00 43.288528 91.772738 -612860.731055 16.347764 51.651530 K0.04Na0.42Ca0.54Al1.54Si2.46O8 54.4096 0 28.9369 0 0 0 0 11.1775 4.77572 0.70021 0
1000.00 810.00 43.158944 91.246963 -611417.919950 16.293540 51.478570 K0.04Na0.42Ca0.54Al1.54Si2.46O8 54.3515 0 28.9883 0 0 0 0 11.2335 4.78104 0.645635 0
1000.00 805.00 43.128970 90.942203 -611282.893970 16.279456 51.424069 K0.04Na0.42Ca0.54Al1.54Si2.46O8 54.3375 0 29.0007 0 0 0 0 11.247 4.78233 0.632455 0
1000.00 800.00 43.099920 90.638721 -611160.030161 16.265737 51.372319 K0.04Na0.42Ca0.55Al1.55Si2.45O8 54.3237 0 29.0129 0 0 0 0 11.2603 4.7836 0.619458 0

spinel_0 thermodynamic data and composition:
Pressure Temperature mass S H V Cp formula SiO2 TiO2 Al2O3 Fe2O3 FeO MnO MgO CaO Na2O K2O P2O5
1000.00 1095.00 3.445859 7.216732 -19192.615586 0.734636 3.188234 Fe''1.30Mg0.20Fe'''0.86Al0.14Cr0.00Ti0.50O4 0 18.3981 3.21567 31.6422 43.1078 0 3.63622 0 0 0 0
1000.00 1090.00 3.881762 8.112754 -21600.072399 0.826839 3.586942 Fe''1.32Mg0.19Fe'''0.85Al0.13Cr0.00Ti0.51O4 0 18.6396 3.10721 31.2495 43.4676 0 3.53601 0 0 0 0
1000.00 1085.00 4.186527 8.731848 -23276.210929 0.891066 3.864155 Fe''1.33Mg0.19Fe'''0.84Al0.13Cr0.00Ti0.51O4 0 18.829 3.01014 30.954 43.7524 0 3.45444 0 0 0 0
1000.00 1080.00 4.415517 9.190901 -24530.515489 0.939146 4.071275 Fe''1.33Mg0.18Fe'''0.84Al0.12Cr0.00Ti0.52O4 0 18.9822 2.92239 30.7241 43.986 0 3.38524 0 0 0 0
1000.00 1075.00 4.595386 9.546217 -25511.862991 0.976770 4.233031 Fe''1.34Mg0.18Fe'''0.83Al0.12Cr0.00Ti0.52O4 0 19.1082 2.84241 30.5425 44.182 0 3.3249 0 0 0 0
1000.00 1070.00 4.741219 9.829653 -26304.389259 1.007156 4.363400 Fe''1.35Mg0.18Fe'''0.83Al0.12Cr0.00Ti0.53O4 0 19.2128 2.76896 30.398 44.3491 0 3.27118 0 0 0 0
1000.00 1065.00 4.862381 10.060980 -26960.240569 1.032301 4.471047 Fe''1.35Mg0.17Fe'''0.83Al0.12Cr0.00Ti0.53O4 0 19.3001 2.70107 30.2829 44.4933 0 3.22257 0 0 0 0
1000.00 1060.00 4.965050 10.253235 -27513.763875 1.053519 4.561684 Fe''1.36Mg0.17Fe'''0.83Al0.11Cr0.00Ti0.53O4 0 19.3733 2.63797 30.1918 44.6189 0 3.17797 0 0 0 0
1000.00 1055.00 5.053485 10.415402 -27988.595137 1.071716 4.639240 Fe''1.36Mg0.17Fe'''0.83Al0.11Cr0.00Ti0.53O4 0 19.4346 2.57902 30.1206 44.7293 0 3.13658 0 0 0 0
1000.00 1050.00 5.130720 10.553878 -28401.553227 1.087538 4.706516 Fe''1.37Mg0.17Fe'''0.82Al0.11Cr0.00Ti0.53O4 0 19.4856 2.5237 30.0661 44.8268 0 3.09778 0 0 0 0
1000.00 1045.00 5.198977 10.673346 -28764.929871 1.101457 4.765556 Fe''1.37Mg0.17Fe'''0.82Al0.11Cr0.00Ti0.54O4 0 19.528 2.47158 30.0259 44.9135 0 3.0611 0 0 0 0
1000.00 1040.00 5.259920 10.777306 -29087.907426 1.113825 4.817891 Fe''1.37Mg0.16Fe'''0.82Al0.10Cr0.00Ti0.54O4 0 19.5626 2.42228 29.9981 44.9908 0 3.02617 0 0 0 0
1000.00 1035.00 5.314816 10.868426 -29377.472907 1.124910 4.864687 Fe''1.37Mg0.16Fe'''0.82Al0.10Cr0.00Ti0.54O4 0 19.5906 2.3755 29.981 45.0602 0 2.9927 0 0 0 0
1000.00 1030.00 5.364830 10.949151 -29640.127203 1.134962 4.907013 Fe''1.38Mg0.16Fe'''0.82Al0.10Cr0.00Ti0.54O4 0 19.613 2.33086 29.973 45.1227 0 2.96049 0 0 0 0
1000.00 1025.00 5.411349 11.022359 -29883.772922 1.144275 4.946138 Fe''1.38Mg0.16Fe'''0.82Al0.10Cr0.00Ti0.54O4 0 19.6317 2.28777 29.9707 45.1804 0 2.92947 0 0 0 0
1000.00 1020.00 5.453994 11.087304 -30105.903893 1.152765 4.981718 Fe''1.38Mg0.16Fe'''0.82Al0.10Cr0.00Ti0.54O4 0 19.6454 2.24661 29.9765 45.2323 0 2.8993 0 0 0 0
1000.00 1015.00 5.493292 11.145096 -30309.414824 1.160545 5.014237 Fe''1.38Mg0.16Fe'''0.82Al0.10Cr0.00Ti0.54O4 0 19.6543 2.20719 29.9896 45.279 0 2.86984 0 0 0 0
1000.00 1010.00 5.274047 10.673455 -28956.067626 1.112742 4.809607 Fe''1.38Mg0.15Fe'''0.85Al0.09Cr0.00Ti0.53O4 0 19.2629 2.18675 30.7283 45.0278 0 2.79425 0 0 0 0
1000.00 1005.00 5.037414 10.168150 -27505.667555 1.061300 4.589571 Fe''1.37Mg0.15Fe'''0.87Al0.09Cr0.00Ti0.52O4 0 18.8176 2.16952 31.566 44.7304 0 2.71645 0 0 0 0
1000.00 1000.00 4.822898 9.709893 -26194.996574 1.014699 4.390297 Fe''1.36Mg0.14Fe'''0.89Al0.09Cr0.00Ti0.51O4 0 18.3818 2.15264 32.3877 44.4344 0 2.64351 0 0 0 0
1000.00 995.00 4.628566 9.294454 -25010.871341 0.972506 4.209922 Fe''1.35Mg0.14Fe'''0.92Al0.09Cr0.00Ti0.50O4 0 17.9561 2.13606 33.1918 44.141 0 2.57499 0 0 0 0
1000.00 990.00 4.452599 8.917869 -23941.060248 0.934316 4.046699 Fe''1.35Mg0.14Fe'''0.94Al0.09Cr0.00Ti0.48O4 0 17.5411 2.11973 33.9772 43.8515 0 2.51047 0 0 0 0
1000.00 985.00 4.293301 8.576467 -22974.332742 0.899751 3.899014 Fe''1.34Mg0.13Fe'''0.96Al0.09Cr0.00Ti0.47O4 0 17.1371 2.10361 34.743 43.5667 0 2.44958 0 0 0 0
1000.00 980.00 4.149114 8.266877 -22100.461379 0.868466 3.765384 Fe''1.33Mg0.13Fe'''0.98Al0.09Cr0.00Ti0.46O4 0 16.7443 2.08767 35.4887 43.2873 0 2.392 0 0 0 0
1000.00 975.00 4.018614 7.986031 -21310.190876 0.840148 3.644462 Fe''1.32Mg0.13Fe'''1.00Al0.09Cr0.00Ti0.45O4 0 16.3629 2.07188 36.214 43.0137 0 2.33744 0 0 0 0
1000.00 970.00 3.900505 7.731147 -20595.185697 0.814511 3.535025 Fe''1.32Mg0.13Fe'''1.02Al0.09Cr0.00Ti0.44O4 0 15.9927 2.05623 36.919 42.7465 0 2.28561 0 0 0 0
1000.00 965.00 3.793617 7.499714 -19947.965045 0.791299 3.435973 Fe''1.31Mg0.12Fe'''1.04Al0.09Cr0.00Ti0.43O4 0 15.6336 2.0407 37.6038 42.4856 0 2.2363 0 0 0 0
1000.00 960.00 3.696894 7.289474 -19361.831826 0.770278 3.346315 Fe''1.30Mg0.12Fe'''1.06Al0.09Cr0.00Ti0.42O4 0 15.2853 2.02529 38.2687 42.2314 0 2.18928 0 0 0 0
1000.00 955.00 3.609386 7.098397 -18830.800210 0.751243 3.265160 Fe''1.30Mg0.12Fe'''1.08Al0.09Cr0.00Ti0.42O4 0 14.9477 2.00997 38.9141 41.9839 0 2.14436 0 0 0 0
1000.00 950.00 3.530240 6.924663 -18349.524920 0.734007 3.191711 Fe''1.29Mg0.12Fe'''1.10Al0.09Cr0.00Ti0.41O4 0 14.6204 1.99475 39.5405 41.743 0 2.10137 0 0 0 0
1000.00 945.00 3.458689 6.766641 -17913.234207 0.718401 3.125252 Fe''1.28Mg0.11Fe'''1.12Al0.09Cr0.00Ti0.40O4 0 14.3031 1.97961 40.1485 41.5087 0 2.06014 0 0 0 0
1000.00 940.00 3.394044 6.622866 -17517.667639 0.704278 3.065142 Fe''1.28Mg0.11Fe'''1.13Al0.09Cr0.00Ti0.39O4 0 13.9954 1.96456 40.7386 41.2809 0 2.02055 0 0 0 0
1000.00 935.00 3.353947 6.528142 -17261.684416 0.695346 3.027418 Fe''1.27Mg0.11Fe'''1.15Al0.09Cr0.00Ti0.38O4 0 13.7157 1.96292 41.2609 41.076 0 1.9845 0 0 0 0
1000.00 930.00 3.321832 6.449439 -17051.212028 0.688106 2.996993 Fe''1.27Mg0.11Fe'''1.16Al0.09Cr0.00Ti0.37O4 0 13.4442 1.96507 41.7639 40.8767 0 1.95012 0 0 0 0
1000.00 925.00 3.335252 6.460567 -17097.213993 0.690478 3.007857 Fe''1.26Mg0.11Fe'''1.17Al0.09Cr0.00Ti0.37O4 0 13.2778 1.96299 42.0764 40.753 0 1.92972 0 0 0 0
1000.00 920.00 3.351774 6.477650 -17161.265877 0.693504 3.021512 Fe''1.26Mg0.11Fe'''1.18Al0.09Cr0.00Ti0.37O4 0 13.1253 1.96007 42.3635 40.6413 0 1.90981 0 0 0 0
1000.00 915.00 3.367659 6.493313 -17222.161437 0.696395 3.034574 Fe''1.26Mg0.10Fe'''1.19Al0.09Cr0.00Ti0.36O4 0 12.9762 1.95683 42.6441 40.5335 0 1.88942 0 0 0 0
1000.00 910.00 3.383062 6.507858 -17280.658994 0.699183 3.047187 Fe''1.25Mg0.10Fe'''1.20Al0.09Cr0.00Ti0.36O4 0 12.8296 1.95339 42.9199 40.4284 0 1.86871 0 0 0 0
1000.00 905.00 3.398068 6.521455 -17337.175337 0.701885 3.059430 Fe''1.25Mg0.10Fe'''1.21Al0.09Cr0.00Ti0.35O4 0 12.685 1.94983 43.1919 40.3255 0 1.84781 0 0 0 0
1000.00 900.00 3.412721 6.534192 -17391.930825 0.704512 3.071344 Fe''1.25Mg0.10Fe'''1.21Al0.09Cr0.00Ti0.35O4 0 12.5419 1.94623 43.461 40.2241 0 1.8268 0 0 0 0
1000.00 895.00 3.427042 6.546113 -17445.026725 0.707067 3.082951 Fe''1.25Mg0.10Fe'''1.22Al0.09Cr0.00Ti0.35O4 0 12.4 1.94266 43.7277 40.1239 0 1.80575 0 0 0 0
1000.00 890.00 3.442131 6.559307 -17502.032470 0.709775 3.095203 Fe''1.24Mg0.10Fe'''1.23Al0.08Cr0.00Ti0.34O4 0 12.2657 1.93726 43.9812 40.0326 0 1.78331 0 0 0 0
1000.00 885.00 3.457326 6.572506 -17559.494967 0.712500 3.107529 Fe''1.24Mg0.10Fe'''1.24Al0.08Cr0.00Ti0.34O4 0 12.1344 1.93106 44.2294 39.9447 0 1.76042 0 0 0 0
1000.00 880.00 3.472205 6.584911 -17615.270237 0.715156 3.119562 Fe''1.24Mg0.10Fe'''1.24Al0.08Cr0.00Ti0.34O4 0 12.0036 1.92481 44.4771 39.8569 0 1.73766 0 0 0 0
1000.00 875.00 3.486772 6.596534 -17669.397937 0.717746 3.131307 Fe''1.24Mg0.10Fe'''1.25Al0.08Cr0.00Ti0.33O4 0 11.8731 1.91849 44.7241 39.7693 0 1.71502 0 0 0 0
1000.00 870.00 3.486772 6.582870 -17685.052147 0.717620 3.130376 Fe''1.24Mg0.10Fe'''1.25Al0.08Cr0.00Ti0.33O4 0 11.8731 1.91849 44.7241 39.7693 0 1.71502 0 0 0 0
1000.00 865.00 3.514574 6.616698 -17770.707120 0.722643 3.153576 Fe''1.23Mg0.09Fe'''1.27Al0.08Cr0.00Ti0.33O4 0 11.6134 1.90562 45.2162 39.5946 0 1.67013 0 0 0 0
1000.00 860.00 3.528038 6.625680 -17819.082709 0.724998 3.164305 Fe''1.23Mg0.09Fe'''1.27Al0.08Cr0.00Ti0.32O4 0 11.4843 1.89909 45.4611 39.5076 0 1.64789 0 0 0 0
1000.00 855.00 3.541221 6.633955 -17866.009218 0.727293 3.174773 Fe''1.23Mg0.09Fe'''1.28Al0.08Cr0.00Ti0.32O4 0 11.3556 1.89251 45.7053 39.4208 0 1.62578 0 0 0 0
1000.00 850.00 3.554129 6.641533 -17911.520461 0.729530 3.184986 Fe''1.23Mg0.09Fe'''1.29Al0.08Cr0.00Ti0.31O4 0 11.2274 1.88587 45.9487 39.3342 0 1.60381 0 0 0 0
1000.00 845.00 3.566765 6.648428 -17955.649384 0.731709 3.194946 Fe''1.22Mg0.09Fe'''1.30Al0.08Cr0.00Ti0.31O4 0 11.0997 1.87919 46.1913 39.2479 0 1.58198 0 0 0 0
1000.00 840.00 3.577104 6.650921 -17988.999791 0.733413 3.202800 Fe''1.22Mg0.09Fe'''1.30Al0.08Cr0.00Ti0.31O4 0 10.983 1.87184 46.4121 39.1751 0 1.55793 0 0 0 0
1000.00 835.00 3.589229 6.656523 -18030.533289 0.735483 3.212284 Fe''1.22Mg0.09Fe'''1.31Al0.08Cr0.00Ti0.30O4 0 10.856 1.86506 46.6536 39.0889 0 1.53644 0 0 0 0
1000.00 830.00 3.601096 6.661475 -18070.781247 0.737499 3.221527 Fe''1.22Mg0.08Fe'''1.32Al0.08Cr0.00Ti0.30O4 0 10.7296 1.85823 46.8941 39.003 0 1.51509 0 0 0 0
1000.00 825.00 3.601096 6.646843 -18086.886478 0.737368 3.220564 Fe''1.22Mg0.08Fe'''1.32Al0.08Cr0.00Ti0.30O4 0 10.7296 1.85823 46.8941 39.003 0 1.51509 0 0 0 0
1000.00 820.00 3.601096 6.632148 -18102.986875 0.737237 3.219594 Fe''1.22Mg0.08Fe'''1.32Al0.08Cr0.00Ti0.30O4 0 10.7296 1.85823 46.8941 39.003 0 1.51509 0 0 0 0
1000.00 815.00 3.601096 6.617390 -18119.082401 0.737106 3.218616 Fe''1.22Mg0.08Fe'''1.32Al0.08Cr0.00Ti0.30O4 0 10.7296 1.85823 46.8941 39.003 0 1.51509 0 0 0 0
1000.00 810.00 3.646069 6.674990 -18219.484352 0.745038 3.256152 Fe''1.21Mg0.08Fe'''1.34Al0.08Cr0.00Ti0.29O4 0 10.2296 1.83046 47.8465 38.6623 0 1.43118 0 0 0 0
1000.00 805.00 3.656706 6.676844 -18253.722901 0.746796 3.264236 Fe''1.21Mg0.08Fe'''1.35Al0.08Cr0.00Ti0.28O4 0 10.1061 1.82341 48.0821 38.5778 0 1.41059 0 0 0 0
1000.00 800.00 3.667109 6.678106 -18286.837778 0.748505 3.272097 Fe''1.20Mg0.08Fe'''1.36Al0.08Cr0.00Ti0.28O4 0 9.98311 1.81633 48.3167 38.4937 0 1.39014 0 0 0 0

clinopyroxene_1 thermodynamic data and composition:
Pressure Temperature mass S H V Cp structure formula SiO2 TiO2 Al2O3 Fe2O3 FeO MnO MgO CaO Na2O K2O P2O5
1000.00 1150.00 1.293419 3.049970 -15501.745589 0.391652 1.554179 cpx Na0.01Ca0.29Fe''0.48Mg1.13Fe'''0.04Ti0.01Al0.13Si1.91O6 51.6888 0.199165 3.0613 1.57528 15.4542 0 20.5852 7.34356 0.0925083 0 0
1000.00 1145.00 2.538206 5.969244 -30293.001553 0.766945 3.042224 cpx Na0.01Ca0.29Fe''0.49Mg1.12Fe'''0.04Ti0.01Al0.13Si1.91O6 51.5644 0.204909 3.03902 1.59878 15.9475 0 20.271 7.28118 0.0931942 0 0
1000.00 1140.00 3.710395 8.702618 -44096.424061 1.118755 4.436040 cpx Na0.01Ca0.29Fe''0.51Mg1.10Fe'''0.05Ti0.01Al0.13Si1.91O6 51.4409 0.210274 3.01688 1.62312 16.4409 0 19.9634 7.21079 0.0936751 0 0
1000.00 1135.00 4.819333 11.273395 -57033.951509 1.450042 5.747528 cpx Na0.01Ca0.28Fe''0.53Mg1.09Fe'''0.05Ti0.01Al0.13Si1.91O6 51.3181 0.215295 2.99503 1.64854 16.9338 0 19.6619 7.13337 0.0939638 0 0
1000.00 1130.00 5.872932 13.701295 -69209.071899 1.763313 6.986763 cpx Na0.01Ca0.28Fe''0.54Mg1.08Fe'''0.05Ti0.01Al0.13Si1.91O6 51.1957 0.220011 2.97365 1.67529 17.425 0 19.3664 7.04981 0.0940738 0 0
1000.00 1125.00 6.877982 16.003231 -80710.884996 2.060723 8.162390 cpx Na0.01Ca0.28Fe''0.56Mg1.06Fe'''0.05Ti0.01Al0.13Si1.91O6 51.0737 0.224473 2.95296 1.70364 17.9134 0 19.0769 6.96093 0.09402 0 0
1000.00 1120.00 7.840402 18.193935 -91617.300783 2.344150 9.281945 cpx Na0.01Ca0.28Fe''0.58Mg1.05Fe'''0.05Ti0.01Al0.13Si1.91O6 50.9519 0.22874 2.93319 1.73387 18.3977 0 18.7934 6.86743 0.0938182 0 0
1000.00 1115.00 8.765459 20.286489 -101997.743412 2.615267 10.352126 cpx Na0.01Ca0.27Fe''0.59Mg1.04Fe'''0.05Ti0.01Al0.13Si1.91O6 50.8301 0.232883 2.91462 1.76631 18.8767 0 18.516 6.76991 0.0934857 0 0
1000.00 1110.00 9.657975 22.292833 -111915.633016 2.875598 11.379048 cpx Na0.01Ca0.27Fe''0.61Mg1.02Fe'''0.05Ti0.01Al0.13Si1.91O6 50.7081 0.236984 2.89757 1.80134 19.3492 0 18.245 6.66886 0.0930411 0 0
1000.00 1105.00 10.522549 24.224278 -121430.856834 3.126592 12.368500 cpx Na0.01Ca0.27Fe''0.62Mg1.01Fe'''0.05Ti0.01Al0.13Si1.91O6 50.5855 0.241138 2.88239 1.83937 19.814 0 17.9804 6.56463 0.0925045 0 0
1000.00 1100.00 11.363796 26.092065 -130602.413849 3.369685 13.326231 cpx Na0.01Ca0.26Fe''0.64Mg1.00Fe'''0.05Ti0.01Al0.13Si1.91O6 50.4621 0.245453 2.86947 1.88088 20.2705 0 17.7222 6.45747 0.0918972 0 0
1000.00 1095.00 12.049085 27.547478 -137170.592865 3.557734 14.055465 cpx Na0.01Ca0.26Fe''0.68Mg0.96Fe'''0.05Ti0.01Al0.13Si1.91O6 50.2223 0.228927 2.86599 1.83609 21.349 0 16.9594 6.44819 0.0901 0 0
1000.00 1090.00 12.434036 28.355592 -141178.003275 3.666320 14.479787 cpx Na0.01Ca0.26Fe''0.69Mg0.95Fe'''0.05Ti0.01Al0.13Si1.91O6 50.1895 0.223569 2.81624 1.80746 21.7116 0 16.7889 6.37444 0.088357 0 0
1000.00 1085.00 12.748172 29.002266 -144443.451373 3.754607 14.824499 cpx Na0.01Ca0.26Fe''0.70Mg0.95Fe'''0.05Ti0.01Al0.12Si1.91O6 50.1701 0.219015 2.76847 1.78056 22.0142 0 16.6638 6.29721 0.0866297 0 0
1000.00 1080.00 13.011347 29.532610 -147175.953761 3.828288 15.111893 cpx Na0.01Ca0.25Fe''0.71Mg0.94Fe'''0.05Ti0.01Al0.12Si1.91O6 50.1593 0.214981 2.72296 1.75476 22.2758 0 16.5688 6.21845 0.0849253 0 0
1000.00 1075.00 13.235990 29.974937 -149507.099971 3.890937 15.355971 cpx Na0.01Ca0.25Fe''0.72Mg0.94Fe'''0.05Ti0.01Al0.12Si1.91O6 50.1545 0.21131 2.67965 1.72972 22.507 0 16.4954 6.13916 0.0832497 0 0
1000.00 1070.00 13.430620 30.348659 -151527.009267 3.945003 15.566334 cpx Na0.01Ca0.25Fe''0.72Mg0.93Fe'''0.05Ti0.01Al0.12Si1.91O6 50.1542 0.207906 2.63841 1.70526 22.7145 0 16.4382 6.05994 0.0816066 0 0
1000.00 1065.00 13.601366 30.667733 -153300.333742 3.992248 15.749881 cpx Na0.01Ca0.24Fe''0.73Mg0.93Fe'''0.05Ti0.01Al0.12Si1.91O6 50.1571 0.204702 2.59906 1.68122 22.9033 0 16.3935 5.98113 0.0799988 0 0
1000.00 1060.00 13.752781 30.942524 -154874.928063 4.033979 15.911731 cpx Na0.01Ca0.24Fe''0.74Mg0.93Fe'''0.05Ti0.01Al0.12Si1.92O6 50.1626 0.201653 2.56144 1.65752 23.0768 0 16.3586 5.90297 0.0784274 0 0
1000.00 1055.00 13.888333 31.180913 -156287.065295 4.071189 16.055776 cpx Na0.01Ca0.24Fe''0.74Mg0.93Fe'''0.05Ti0.01Al0.11Si1.92O6 50.1702 0.198726 2.52537 1.63411 23.2376 0 16.3316 5.82558 0.0768931 0 0
1000.00 1050.00 14.010709 31.389010 -157564.779614 4.104648 16.185029 cpx Na0.01Ca0.24Fe''0.75Mg0.93Fe'''0.05Ti0.01Al0.11Si1.92O6 50.1793 0.195895 2.49072 1.61093 23.3878 0 16.3109 5.74908 0.0753959 0 0
1000.00 1045.00 14.122032 31.571629 -158730.101294 4.134962 16.301864 cpx Na0.01Ca0.23Fe''0.75Mg0.93Fe'''0.05Ti0.01Al0.11Si1.92O6 50.1897 0.193143 2.45736 1.58796 23.5291 0 16.2953 5.6735 0.0739354 0 0
1000.00 1040.00 14.223999 31.732621 -159800.598158 4.162617 16.408181 cpx Na0.01Ca0.23Fe''0.76Mg0.93Fe'''0.05Ti0.01Al0.11Si1.92O6 50.2011 0.190455 2.42517 1.56517 23.6627 0 16.284 5.59888 0.0725109 0 0
1000.00 1035.00 14.317989 31.875105 -160790.464939 4.188006 16.505515 cpx Na0.01Ca0.23Fe''0.76Mg0.93Fe'''0.04Ti0.01Al0.11Si1.92O6 50.2134 0.18782 2.39404 1.54255 23.7897 0 16.2762 5.52523 0.0711216 0 0
1000.00 1030.00 14.404970 32.001285 -161709.584764 4.211404 16.594947 cpx Na0.01Ca0.22Fe''0.77Mg0.93Fe'''0.04Ti0.01Al0.11Si1.92O6 50.2263 0.185236 2.36385 1.52008 23.9108 0 16.2714 5.45253 0.0697644 0 0
1000.00 1025.00 14.485274 32.111954 -162561.049093 4.232906 16.676845 cpx Na0.01Ca0.22Fe''0.77Mg0.93Fe'''0.04Ti0.01Al0.11Si1.92O6 50.2399 0.182722 2.33432 1.49775 24.0268 0 16.2693 5.38071 0.0684306 0 0
1000.00 1020.00 14.560520 32.210722 -163361.898955 4.252972 16.753016 cpx Na0.00Ca0.22Fe''0.77Mg0.93Fe'''0.04Ti0.01Al0.10Si1.92O6 50.254 0.180236 2.30566 1.47557 24.1383 0 16.2692 5.30986 0.0671306 0 0
1000.00 1015.00 14.631379 32.299098 -164118.955638 4.271795 16.824205 cpx Na0.00Ca0.21Fe''0.78Mg0.93Fe'''0.04Ti0.01Al0.10Si1.92O6 50.2683 0.177773 2.27779 1.45353 24.246 0 16.2707 5.23996 0.0658628 0 0
1000.00 1010.00 14.851582 32.710550 -166414.960246 4.332774 17.059740 cpx Na0.00Ca0.21Fe''0.78Mg0.93Fe'''0.04Ti0.00Al0.10Si1.93O6 50.2491 0.172433 2.25793 1.45632 24.4122 0 16.2092 5.17796 0.064818 0 0
1000.00 1005.00 15.075229 33.127084 -168741.530058 4.394629 17.298418 cpx Na0.00Ca0.21Fe''0.79Mg0.92Fe'''0.04Ti0.00Al0.10Si1.93O6 50.2281 0.166867 2.23915 1.46122 24.5779 0 16.1454 5.11753 0.0638144 0 0
1000.00 1000.00 15.279002 33.498294 -170859.273451 4.450788 17.514610 cpx Na0.00Ca0.21Fe''0.79Mg0.92Fe'''0.04Ti0.00Al0.10Si1.93O6 50.2105 0.161519 2.22026 1.46432 24.734 0 16.089 5.05759 0.0628205 0 0
1000.00 995.00 15.464561 33.828042 -172786.257447 4.501735 17.710225 cpx Na0.00Ca0.21Fe''0.80Mg0.92Fe'''0.04Ti0.00Al0.10Si1.93O6 50.1959 0.15637 2.20128 1.46569 24.8817 0 16.039 4.99819 0.0618362 0 0
1000.00 990.00 15.633492 34.119992 -174539.585025 4.547930 17.887075 cpx Na0.00Ca0.20Fe''0.80Mg0.92Fe'''0.04Ti0.00Al0.10Si1.93O6 50.1842 0.151407 2.18222 1.46538 25.0217 0 15.9949 4.93933 0.0608614 0 0
1000.00 985.00 15.787283 34.377573 -176135.222236 4.589804 18.046859 cpx Na0.00Ca0.20Fe''0.81Mg0.91Fe'''0.04Ti0.00Al0.10Si1.93O6 50.1749 0.146614 2.16307 1.46349 25.1551 0 15.9559 4.88104 0.0598961 0 0
1000.00 980.00 15.927318 34.603960 -177587.915655 4.627757 18.191149 cpx Na0.00Ca0.20Fe''0.81Mg0.91Fe'''0.04Ti0.00Al0.10Si1.93O6 50.168 0.14198 2.14387 1.46008 25.2824 0 15.9214 4.82331 0.0589404 0 0
1000.00 975.00 16.054873 34.802065 -178911.175144 4.662157 18.321388 cpx Na0.00Ca0.20Fe''0.82Mg0.91Fe'''0.04Ti0.00Al0.10Si1.93O6 50.1631 0.137497 2.12461 1.45525 25.4044 0 15.891 4.76615 0.0579943 0 0
1000.00 970.00 16.171113 34.974544 -180117.301686 4.693337 18.438896 cpx Na0.00Ca0.19Fe''0.82Mg0.91Fe'''0.04Ti0.00Al0.10Si1.93O6 50.1601 0.133155 2.10532 1.44907 25.5216 0 15.8641 4.70956 0.057058 0 0
1000.00 965.00 16.277100 35.123809 -181217.444501 4.721602 18.544867 cpx Na0.00Ca0.19Fe''0.82Mg0.91Fe'''0.04Ti0.00Al0.09Si1.93O6 50.1587 0.128947 2.08599 1.44164 25.6347 0 15.8404 4.65352 0.0561315 0 0
1000.00 960.00 16.373795 35.252042 -182221.675611 4.747229 18.640384 cpx Na0.00Ca0.19Fe''0.83Mg0.91Fe'''0.04Ti0.00Al0.09Si1.93O6 50.1589 0.124866 2.06666 1.43303 25.7439 0 15.8194 4.59804 0.0552151 0 0
1000.00 955.00 16.462069 35.361212 -183139.073248 4.770465 18.726424 cpx Na0.00Ca0.19Fe''0.83Mg0.91Fe'''0.04Ti0.00Al0.09Si1.93O6 50.1604 0.120906 2.04732 1.42332 25.8498 0 15.8008 4.5431 0.0543087 0 0
1000.00 950.00 16.542708 35.453092 -183977.808069 4.791535 18.803868 cpx Na0.00Ca0.19Fe''0.84Mg0.91Fe'''0.04Ti0.00Al0.09Si1.93O6 50.1631 0.117063 2.02799 1.4126 25.9528 0 15.7844 4.48869 0.0534125 0 0
1000.00 945.00 16.616420 35.529281 -184745.228157 4.810640 18.873509 cpx Na0.00Ca0.18Fe''0.84Mg0.91Fe'''0.04Ti0.00Al0.09Si1.93O6 50.1669 0.113332 2.00867 1.40093 26.053 0 15.7698 4.4348 0.0525267 0 0
1000.00 940.00 16.683844 35.591215 -185447.940210 4.827964 18.936060 cpx Na0.00Ca0.18Fe''0.84Mg0.91Fe'''0.04Ti0.00Al0.09Si1.93O6 50.1716 0.109709 1.98939 1.3884 26.1509 0 15.7569 4.38143 0.0516511 0 0
1000.00 935.00 16.727883 35.602746 -185905.307883 4.838589 18.972342 cpx Na0.00Ca0.18Fe''0.85Mg0.90Fe'''0.04Ti0.00Al0.09Si1.93O6 50.1753 0.105942 1.97793 1.37093 26.2457 0 15.7436 4.32985 0.0507869 0 0
1000.00 930.00 16.771612 35.613140 -186367.136329 4.849178 19.008427 cpx Na0.00Ca0.18Fe''0.85Mg0.90Fe'''0.04Ti0.00Al0.09Si1.93O6 50.1792 0.102215 1.9686 1.35203 26.3374 0 15.7316 4.27905 0.0499321 0 0
1000.00 925.00 16.569926 35.107654 -184218.863386 4.790039 18.772221 cpx Na0.00Ca0.17Fe''0.85Mg0.91Fe'''0.04Ti0.00Al0.09Si1.94O6 50.2016 0.0996453 1.95814 1.32683 26.372 0 15.7667 4.22617 0.0488822 0 0
1000.00 920.00 16.405405 34.682165 -182479.900844 4.741643 18.578102 cpx Na0.00Ca0.17Fe''0.85Mg0.91Fe'''0.04Ti0.00Al0.09Si1.94O6 50.2239 0.0971901 1.94749 1.30136 26.4078 0 15.8008 4.17363 0.0478417 0 0
1000.00 915.00 16.283831 34.348091 -181208.147346 4.705583 18.432210 cpx Na0.00Ca0.17Fe''0.85Mg0.91Fe'''0.04Ti0.00Al0.09Si1.94O6 50.2447 0.0947625 1.93684 1.27618 26.4481 0 15.831 4.12164 0.0468238 0 0
1000.00 910.00 16.192717 34.078662 -180267.773998 4.678268 18.320477 cpx Na0.00Ca0.17Fe''0.85Mg0.91Fe'''0.04Ti0.00Al0.09Si1.94O6 50.2644 0.0923708 1.92625 1.2513 26.4916 0 15.8581 4.07016 0.0458241 0 0
1000.00 905.00 16.123846 33.856277 -179569.437814 4.657339 18.233650 cpx Na0.00Ca0.17Fe''0.86Mg0.91Fe'''0.04Ti0.00Al0.09Si1.94O6 50.2831 0.0900203 1.91578 1.22674 26.5373 0 15.883 4.01918 0.044839 0 0
1000.00 900.00 16.071624 33.668960 -179052.367056 4.641188 18.165433 cpx Na0.00Ca0.16Fe''0.86Mg0.91Fe'''0.03Ti0.00Al0.09Si1.94O6 50.301 0.0877152 1.90548 1.20248 26.5847 0 15.9061 3.96868 0.0438654 0 0
1000.00 895.00 16.032141 33.508340 -178674.126994 4.628693 18.111425 cpx Na0.00Ca0.16Fe''0.86Mg0.91Fe'''0.03Ti0.00Al0.09Si1.94O6 50.3181 0.0854584 1.89541 1.17855 26.6332 0 15.9277 3.91865 0.0429003 0 0
1000.00 890.00 16.026180 33.416711 -178645.635476 4.625642 18.094101 cpx Na0.00Ca0.16Fe''0.86Mg0.92Fe'''0.03Ti0.00Al0.09Si1.94O6 50.3327 0.0831657 1.88417 1.15493 26.6943 0 15.9397 3.86877 0.0422289 0 0
1000.00 885.00 16.030531 33.345893 -178722.680999 4.625475 18.087878 cpx Na0.00Ca0.16Fe''0.86Mg0.92Fe'''0.03Ti0.00Al0.09Si1.94O6 50.3462 0.0808886 1.87244 1.1316 26.7603 0 15.9477 3.81922 0.0416764 0 0
1000.00 880.00 16.034698 33.274304 -178796.868581 4.625245 18.081297 cpx Na0.00Ca0.16Fe''0.86Mg0.92Fe'''0.03Ti0.00Al0.08Si1.94O6 50.3594 0.0786599 1.86077 1.10854 26.8263 0 15.9551 3.77011 0.0411306 0 0
1000.00 875.00 16.038691 33.201967 -178868.305665 4.624958 18.074370 cpx Na0.00Ca0.15Fe''0.87Mg0.92Fe'''0.03Ti0.00Al0.08Si1.94O6 50.3723 0.0764789 1.84915 1.08576 26.8924 0 15.9619 3.72144 0.0405913 0 0
1000.00 870.00 16.038691 33.123109 -178958.648871 4.624041 18.062900 cpx Na0.00Ca0.15Fe''0.87Mg0.92Fe'''0.03Ti0.00Al0.08Si1.94O6 50.3723 0.0764789 1.84915 1.08576 26.8924 0 15.9619 3.72144 0.0405913 0 0
1000.00 865.00 16.046745 33.056301 -179009.530660 4.624377 18.060151 cpx Na0.00Ca0.15Fe''0.87Mg0.92Fe'''0.03Ti0.00Al0.08Si1.94O6 50.3971 0.0722615 1.82609 1.04112 27.0247 0 15.9739 3.62514 0.0396436 0 0
1000.00 860.00 16.050540 32.982405 -179076.304218 4.624007 18.052551 cpx Na0.00Ca0.15Fe''0.87Mg0.92Fe'''0.03Ti0.00Al0.08Si1.94O6 50.4091 0.070221 1.81464 1.01923 27.091 0 15.9791 3.57762 0.0391786 0 0
1000.00 855.00 16.054185 32.907813 -179140.570842 4.623586 18.044630 cpx Na0.00Ca0.15Fe''0.88Mg0.92Fe'''0.03Ti0.00Al0.08Si1.94O6 50.4207 0.0682252 1.80323 0.997609 27.1574 0 15.9837 3.53052 0.038718 0 0
1000.00 850.00 16.057690 32.832544 -179202.414590 4.623115 18.036396 cpx Na0.00Ca0.14Fe''0.88Mg0.92Fe'''0.03Ti0.00Al0.08Si1.94O6 50.432 0.0662732 1.79187 0.976273 27.2238 0 15.9877 3.48382 0.038262 0 0
1000.00 845.00 16.061062 32.756614 -179261.914890 4.622598 18.027858 cpx Na0.00Ca0.14Fe''0.88Mg0.92Fe'''0.03Ti0.00Al0.08Si1.95O6 50.4429 0.0643644 1.78057 0.955219 27.2904 0 15.9912 3.43754 0.0378104 0 0
1000.00 840.00 16.096001 32.742693 -179626.412865 4.630666 18.052318 cpx Na0.00Ca0.14Fe''0.88Mg0.92Fe'''0.03Ti0.00Al0.08Si1.95O6 50.4462 0.0624395 1.76994 0.935008 27.3823 0 15.9749 3.3918 0.0373582 0 0
1000.00 835.00 16.098264 32.663590 -179672.121749 4.629813 18.042215 cpx Na0.00Ca0.14Fe''0.89Mg0.92Fe'''0.03Ti0.00Al0.08Si1.95O6 50.4566 0.0606169 1.75874 0.914514 27.4489 0 15.9774 3.3463 0.0369156 0 0
1000.00 830.00 16.100433 32.583914 -179715.877016 4.628925 18.031848 cpx Na0.00Ca0.14Fe''0.89Mg0.92Fe'''0.03Ti0.00Al0.08Si1.95O6 50.4666 0.0588356 1.7476 0.894301 27.5156 0 15.9794 3.30119 0.0364772 0 0
1000.00 825.00 16.100433 32.502027 -179806.005646 4.628019 18.019590 cpx Na0.00Ca0.14Fe''0.89Mg0.92Fe'''0.03Ti0.00Al0.08Si1.95O6 50.4666 0.0588356 1.7476 0.894301 27.5156 0 15.9794 3.30119 0.0364772 0 0
1000.00 820.00 16.100433 32.419823 -179896.072774 4.627115 18.007247 cpx Na0.00Ca0.14Fe''0.89Mg0.92Fe'''0.03Ti0.00Al0.08Si1.95O6 50.4666 0.0588356 1.7476 0.894301 27.5156 0 15.9794 3.30119 0.0364772 0 0
1000.00 815.00 16.100433 32.337299 -179986.077974 4.626213 17.994818 cpx Na0.00Ca0.14Fe''0.89Mg0.92Fe'''0.03Ti0.00Al0.08Si1.95O6 50.4666 0.0588356 1.7476 0.894301 27.5156 0 15.9794 3.30119 0.0364772 0 0
1000.00 810.00 16.108277 32.259705 -179872.484195 4.625044 17.987857 cpx Na0.00Ca0.13Fe''0.90Mg0.92Fe'''0.02Ti0.00Al0.08Si1.95O6 50.5033 0.052109 1.7036 0.816262 27.7839 0 15.9815 3.12454 0.0347663 0 0
1000.00 805.00 16.110055 32.177326 -179907.272387 4.624000 17.976251 cpx Na0.00Ca0.13Fe''0.90Mg0.92Fe'''0.02Ti0.00Al0.08Si1.95O6 50.5117 0.0505239 1.69276 0.797454 27.8513 0 15.9807 3.08131 0.034349 0 0
1000.00 800.00 16.111768 32.094432 -179940.404048 4.622928 17.964410 cpx Na0.00Ca0.13Fe''0.90Mg0.92Fe'''0.02Ti0.00Al0.08Si1.95O6 50.5197 0.0489763 1.68197 0.778925 27.9188 0 15.9793 3.03844 0.0339357 0 0

olivine_0 thermodynamic data and composition:
Pressure Temperature mass S H V Cp formula SiO2 TiO2 Al2O3 Fe2O3 FeO MnO MgO CaO Na2O K2O P2O5
1000.00 925.00 0.187199 0.381299 -1582.149171 0.047957 0.189570 (Ca0.00Mg0.28Fe''0.49Mn0.23Co0.00Ni0.00)2SiO4 32.3088 0 0 0 38.1329 17.4149 11.8431 0.30036 0 0 0
1000.00 920.00 0.344997 0.701219 -2916.999394 0.088356 0.349170 (Ca0.00Mg0.28Fe''0.49Mn0.23Co0.00Ni0.00)2SiO4 32.3076 0 0 0 38.1781 17.38 11.841 0.293224 0 0 0
1000.00 915.00 0.469233 0.951684 -3968.771949 0.120135 0.474630 (Ca0.00Mg0.28Fe''0.49Mn0.23Co0.00Ni0.00)2SiO4 32.3055 0 0 0 38.2312 17.3422 11.8349 0.286238 0 0 0
1000.00 910.00 0.569617 1.152769 -4819.177372 0.145786 0.575817 (Ca0.00Mg0.28Fe''0.50Mn0.23Co0.00Ni0.00)2SiO4 32.3026 0 0 0 38.29 17.3023 11.8257 0.279389 0 0 0
1000.00 905.00 0.652623 1.317854 -5522.753533 0.166971 0.659311 (Ca0.00Mg0.28Fe''0.50Mn0.23Co0.00Ni0.00)2SiO4 32.2992 0 0 0 38.3532 17.2611 11.8139 0.27267 0 0 0
1000.00 900.00 0.722736 1.456202 -6117.320008 0.184842 0.729672 (Ca0.00Mg0.28Fe''0.50Mn0.23Co0.00Ni0.00)2SiO4 32.2953 0 0 0 38.4197 17.219 11.8 0.266073 0 0 0
1000.00 895.00 0.783172 1.574449 -6630.028098 0.200224 0.790167 (Ca0.00Mg0.28Fe''0.50Mn0.23Co0.00Ni0.00)2SiO4 32.291 0 0 0 38.4886 17.1763 11.7845 0.259595 0 0 0
1000.00 890.00 0.803295 1.611220 -6800.362729 0.205279 0.809888 (Ca0.00Mg0.28Fe''0.50Mn0.22Co0.00Ni0.00)2SiO4 32.2844 0 0 0 38.5788 17.1244 11.7592 0.253278 0 0 0
1000.00 885.00 0.809625 1.620168 -6853.412464 0.206800 0.815661 (Ca0.00Mg0.27Fe''0.50Mn0.22Co0.00Ni0.00)2SiO4 32.2769 0 0 0 38.6775 17.0689 11.7296 0.247086 0 0 0
1000.00 880.00 0.815987 1.629102 -6906.623104 0.208327 0.821448 (Ca0.00Mg0.27Fe''0.50Mn0.22Co0.00Ni0.00)2SiO4 32.2692 0 0 0 38.7772 17.0133 11.6992 0.241001 0 0 0
1000.00 875.00 0.822381 1.638025 -6960.005578 0.209861 0.827251 (Ca0.00Mg0.27Fe''0.50Mn0.22Co0.00Ni0.00)2SiO4 32.2612 0 0 0 38.878 16.9578 11.668 0.235019 0 0 0
1000.00 870.00 0.822381 1.634415 -6964.140619 0.209820 0.826764 (Ca0.00Mg0.27Fe''0.50Mn0.22Co0.00Ni0.00)2SiO4 32.2612 0 0 0 38.878 16.9578 11.668 0.235019 0 0 0
1000.00 865.00 0.835286 1.655870 -7067.437070 0.212950 0.838922 (Ca0.00Mg0.27Fe''0.51Mn0.22Co0.00Ni0.00)2SiO4 32.2448 0 0 0 39.0825 16.8465 11.6028 0.223354 0 0 0
1000.00 860.00 0.841795 1.664787 -7121.460390 0.214505 0.844787 (Ca0.00Mg0.27Fe''0.51Mn0.22Co0.00Ni0.00)2SiO4 32.2363 0 0 0 39.1863 16.7908 11.5689 0.217675 0 0 0
1000.00 855.00 0.848344 1.673702 -7175.699769 0.216068 0.850674 (Ca0.00Mg0.27Fe''0.51Mn0.22Co0.00Ni0.00)2SiO4 32.2276 0 0 0 39.2911 16.735 11.5342 0.212097 0 0 0
1000.00 850.00 0.854933 1.682616 -7230.163782 0.217639 0.856582 (Ca0.00Mg0.27Fe''0.51Mn0.22Co0.00Ni0.00)2SiO4 32.2187 0 0 0 39.397 16.6792 11.4985 0.20662 0 0 0
1000.00 845.00 0.861564 1.691532 -7284.860647 0.219217 0.862513 (Ca0.00Mg0.27Fe''0.51Mn0.22Co0.00Ni0.00)2SiO4 32.2096 0 0 0 39.5038 16.6234 11.4619 0.201242 0 0 0
1000.00 840.00 0.826125 1.617863 -6981.519413 0.210070 0.826261 (Ca0.00Mg0.27Fe''0.51Mn0.22Co0.00Ni0.00)2SiO4 32.1962 0 0 0 39.6492 16.5518 11.4067 0.196075 0 0 0
1000.00 835.00 0.833628 1.628520 -7043.404095 0.211871 0.833060 (Ca0.00Mg0.27Fe''0.52Mn0.22Co0.00Ni0.00)2SiO4 32.1867 0 0 0 39.7579 16.496 11.3684 0.190889 0 0 0
1000.00 830.00 0.841164 1.639149 -7105.429505 0.213677 0.839871 (Ca0.00Mg0.27Fe''0.52Mn0.22Co0.00Ni0.00)2SiO4 32.1771 0 0 0 39.8677 16.4401 11.3293 0.185799 0 0 0
1000.00 825.00 0.841164 1.635335 -7109.627533 0.213636 0.839340 (Ca0.00Mg0.27Fe''0.52Mn0.22Co0.00Ni0.00)2SiO4 32.1771 0 0 0 39.8677 16.4401 11.3293 0.185799 0 0 0
1000.00 820.00 0.841164 1.631506 -7113.822896 0.213594 0.838805 (Ca0.00Mg0.27Fe''0.52Mn0.22Co0.00Ni0.00)2SiO4 32.1771 0 0 0 39.8677 16.4401 11.3293 0.185799 0 0 0
1000.00 815.00 0.841164 1.627662 -7118.015576 0.213553 0.838266 (Ca0.00Mg0.27Fe''0.52Mn0.22Co0.00Ni0.00)2SiO4 32.1771 0 0 0 39.8677 16.4401 11.3293 0.185799 0 0 0
1000.00 810.00 0.871661 1.681424 -7355.131012 0.220962 0.867251 (Ca0.00Mg0.26Fe''0.52Mn0.21Co0.00Ni0.00)2SiO4 32.1363 0 0 0 40.3177 16.2163 11.1633 0.166388 0 0 0
1000.00 805.00 0.879381 1.691941 -7418.002453 0.222800 0.874136 (Ca0.00Mg0.26Fe''0.53Mn0.21Co0.00Ni0.00)2SiO4 32.1256 0 0 0 40.433 16.1602 11.1194 0.161767 0 0 0
1000.00 800.00 0.887144 1.702441 -7481.069618 0.224645 0.881039 (Ca0.00Mg0.26Fe''0.53Mn0.21Co0.00Ni0.00)2SiO4 32.1147 0 0 0 40.5494 16.1041 11.0746 0.157237 0 0 0

clinopyroxene_0 thermodynamic data and composition:
Pressure Temperature mass S H V Cp structure formula SiO2 TiO2 Al2O3 Fe2O3 FeO MnO MgO CaO Na2O K2O P2O5
1000.00 1180.00 1.984141 4.643314 -25036.940527 0.611484 2.350350 cpx Na0.01Ca0.77Fe''0.21Mg0.88Fe'''0.06Ti0.01Al0.18Si1.87O6 50.7444 0.425325 4.19385 2.20077 6.86245 0 15.9309 19.453 0.18922 0 0
1000.00 1175.00 4.864916 11.372672 -61226.488262 1.497355 5.761348 cpx Na0.01Ca0.75Fe''0.23Mg0.88Fe'''0.06Ti0.01Al0.18Si1.88O6 50.768 0.432091 4.11858 2.15675 7.31418 0 16.0158 19.0039 0.190658 0 0
1000.00 1170.00 7.555828 17.644251 -94809.123386 2.322271 8.945319 cpx Na0.01Ca0.73Fe''0.24Mg0.89Fe'''0.06Ti0.01Al0.18Si1.88O6 50.7836 0.436773 4.04501 2.11943 7.80508 0 16.0995 18.5191 0.191492 0 0
1000.00 1165.00 10.086231 23.527399 -126138.328441 3.095158 11.936277 cpx Na0.01Ca0.71Fe''0.26Mg0.89Fe'''0.06Ti0.01Al0.17Si1.88O6 50.7894 0.43968 3.97333 2.08943 8.33382 0 16.1762 18.0064 0.191721 0 0
1000.00 1160.00 12.473300 29.061729 -155421.498434 3.821230 14.753299 cpx Na0.01Ca0.69Fe''0.28Mg0.90Fe'''0.06Ti0.01Al0.17Si1.88O6 50.7833 0.441449 3.9044 2.06758 8.89267 0 16.2368 17.4824 0.191429 0 0
1000.00 1155.00 14.723537 34.260791 -182747.635955 4.502531 17.402429 cpx Na0.01Ca0.67Fe''0.29Mg0.90Fe'''0.06Ti0.01Al0.17Si1.88O6 50.7631 0.442966 3.83952 2.05449 9.46736 0 16.2711 16.9706 0.190793 0 0
1000.00 1150.00 15.625326 36.268274 -193462.751218 4.770972 18.429291 cpx Na0.01Ca0.68Fe''0.30Mg0.89Fe'''0.06Ti0.01Al0.17Si1.88O6 50.6431 0.47061 3.83133 2.09784 9.73907 0 16.0098 17.0128 0.195393 0 0
1000.00 1145.00 16.409671 37.991776 -202688.189994 5.002858 19.312665 cpx Na0.01Ca0.68Fe''0.31Mg0.87Fe'''0.06Ti0.01Al0.17Si1.88O6 50.5182 0.500043 3.82633 2.145 9.99486 0 15.7406 17.0749 0.200088 0 0
1000.00 1140.00 17.123020 39.541720 -211000.495646 5.212461 20.108621 cpx Na0.01Ca0.68Fe''0.32Mg0.86Fe'''0.06Ti0.01Al0.17Si1.88O6 50.3906 0.530721 3.82323 2.19498 10.2426 0 15.4712 17.142 0.204741 0 0
1000.00 1135.00 17.776622 40.945336 -218545.038640 5.403302 20.830926 cpx Na0.02Ca0.69Fe''0.33Mg0.85Fe'''0.06Ti0.02Al0.17Si1.88O6 50.26 0.562795 3.82219 2.24814 10.4821 0 15.2021 17.2133 0.209355 0 0
1000.00 1130.00 18.379472 42.224429 -225438.233853 5.578197 21.490598 cpx Na0.02Ca0.69Fe''0.33Mg0.83Fe'''0.06Ti0.02Al0.17Si1.87O6 50.1261 0.596448 3.82341 2.30491 10.7129 0 14.9339 17.2884 0.213939 0 0
1000.00 1125.00 18.938783 43.396519 -231773.642627 5.739404 22.096487 cpx Na0.02Ca0.70Fe''0.34Mg0.82Fe'''0.07Ti0.02Al0.17Si1.87O6 49.9884 0.631907 3.8272 2.36578 10.9346 0 14.6668 17.3668 0.218504 0 0
1000.00 1120.00 19.460377 44.475769 -237626.947552 5.888744 22.655738 cpx Na0.02Ca0.70Fe''0.35Mg0.81Fe'''0.07Ti0.02Al0.17Si1.87O6 49.8463 0.669465 3.83393 2.43132 11.1467 0 14.4011 17.4482 0.223065 0 0
1000.00 1115.00 19.949012 45.473777 -243060.103997 6.027701 23.174187 cpx Na0.02Ca0.71Fe''0.36Mg0.79Fe'''0.07Ti0.02Al0.17Si1.87O6 49.699 0.709495 3.84409 2.5022 11.3482 0 14.137 17.5323 0.227645 0 0
1000.00 1110.00 20.408672 46.400256 -248124.881868 6.157511 23.656698 cpx Na0.02Ca0.71Fe''0.36Mg0.78Fe'''0.07Ti0.02Al0.17Si1.87O6 49.5455 0.752483 3.85829 2.57922 11.5386 0 13.8745 17.6192 0.232278 0 0
1000.00 1105.00 20.842826 47.263626 -252865.946598 6.279238 24.107458 cpx Na0.02Ca0.72Fe''0.37Mg0.77Fe'''0.08Ti0.02Al0.17Si1.86O6 49.3844 0.799064 3.8773 2.66335 11.7168 0 13.6131 17.709 0.237006 0 0
1000.00 1100.00 21.254663 48.071562 -257323.587451 6.393845 24.530243 cpx Na0.02Ca0.72Fe''0.38Mg0.75Fe'''0.08Ti0.02Al0.17Si1.86O6 49.2139 0.850079 3.90208 2.7558 11.8819 0 13.3524 17.802 0.241887 0 0
1000.00 1095.00 24.585664 55.425704 -295988.151631 7.376772 28.281468 cpx Na0.02Ca0.72Fe''0.40Mg0.73Fe'''0.08Ti0.02Al0.17Si1.86O6 49.1288 0.813558 3.86581 2.67121 12.6388 0 12.9112 17.7321 0.238509 0 0
1000.00 1090.00 25.219732 56.717644 -303357.814919 7.561400 28.972704 cpx Na0.02Ca0.72Fe''0.41Mg0.72Fe'''0.08Ti0.02Al0.17Si1.86O6 49.116 0.818383 3.82068 2.64613 12.7941 0 12.7784 17.788 0.238283 0 0
1000.00 1085.00 25.693759 57.647945 -308918.311258 7.698989 29.483564 cpx Na0.02Ca0.73Fe''0.41Mg0.72Fe'''0.07Ti0.02Al0.17Si1.86O6 49.1071 0.825928 3.78076 2.62525 12.899 0 12.6712 17.8526 0.238193 0 0
1000.00 1080.00 26.065159 58.346545 -313329.201816 7.806502 29.879193 cpx Na0.02Ca0.73Fe''0.41Mg0.71Fe'''0.07Ti0.02Al0.17Si1.86O6 49.1005 0.835244 3.74526 2.60687 12.9699 0 12.5816 17.9225 0.238176 0 0
1000.00 1075.00 26.364008 58.881534 -316933.202323 7.892802 30.193632 cpx Na0.02Ca0.73Fe''0.41Mg0.71Fe'''0.07Ti0.02Al0.17Si1.86O6 49.0956 0.845827 3.71354 2.59008 13.0159 0 12.505 17.9957 0.238206 0 0
1000.00 1070.00 26.608743 59.294634 -319938.777418 7.963311 30.447693 cpx Na0.02Ca0.74Fe''0.41Mg0.70Fe'''0.07Ti0.02Al0.16Si1.86O6 49.0919 0.857367 3.68508 2.57435 13.0431 0 12.4387 18.0712 0.23827 0 0
1000.00 1065.00 26.811690 59.613718 -322484.293403 8.021643 30.655249 cpx Na0.02Ca0.74Fe''0.41Mg0.70Fe'''0.07Ti0.02Al0.16Si1.87O6 49.0891 0.86966 3.65946 2.55931 13.0554 0 12.3806 18.1481 0.238361 0 0
1000.00 1060.00 26.981552 59.858445 -324666.840312 8.070346 30.826070 cpx Na0.02Ca0.74Fe''0.42Mg0.70Fe'''0.07Ti0.03Al0.16Si1.87O6 49.0869 0.882564 3.63633 2.54473 13.0561 0 12.3291 18.2258 0.238477 0 0
1000.00 1055.00 27.124711 60.043224 -326557.245976 8.111285 30.967307 cpx Na0.02Ca0.75Fe''0.41Mg0.70Fe'''0.07Ti0.03Al0.16Si1.87O6 49.0852 0.895981 3.6154 2.53045 13.0473 0 12.2831 18.3039 0.238615 0 0
1000.00 1050.00 27.245986 60.178914 -328208.704152 8.145866 31.084342 cpx Na0.02Ca0.75Fe''0.41Mg0.69Fe'''0.07Ti0.03Al0.16Si1.87O6 49.0838 0.909837 3.59643 2.51634 13.0307 0 12.2418 18.3822 0.238775 0 0
1000.00 1045.00 27.349092 60.273885 -329662.088559 8.175171 31.181321 cpx Na0.02Ca0.75Fe''0.41Mg0.69Fe'''0.07Ti0.03Al0.16Si1.87O6 49.0827 0.924081 3.57922 2.50233 13.0078 0 12.2044 18.4605 0.238956 0 0
1000.00 1040.00 27.436951 60.334706 -330949.397830 8.200050 31.261494 cpx Na0.02Ca0.76Fe''0.41Mg0.69Fe'''0.07Ti0.03Al0.16Si1.87O6 49.0818 0.938675 3.56361 2.48834 12.9796 0 12.1704 18.5385 0.239159 0 0
1000.00 1035.00 27.511892 60.366613 -332096.078484 8.221180 31.327447 cpx Na0.02Ca0.76Fe''0.41Mg0.69Fe'''0.07Ti0.03Al0.16Si1.87O6 49.0809 0.953593 3.54944 2.47434 12.9469 0 12.1393 18.6161 0.239382 0 0
1000.00 1030.00 27.576369 60.375077 -333129.647745 8.239278 31.381919 cpx Na0.02Ca0.76Fe''0.41Mg0.69Fe'''0.07Ti0.03Al0.16Si1.87O6 49.0801 0.968866 3.53658 2.46032 12.9104 0 12.1108 18.6934 0.239623 0 0
1000.00 1025.00 27.633837 60.367700 -334090.411231 8.255364 31.428783 cpx Na0.02Ca0.76Fe''0.41Mg0.69Fe'''0.07Ti0.03Al0.16Si1.87O6 49.0791 0.984666 3.52482 2.44633 12.8703 0 12.0846 18.7704 0.239866 0 0
1000.00 1020.00 27.682520 60.340686 -334954.822503 8.268895 31.465986 cpx Na0.02Ca0.77Fe''0.41Mg0.68Fe'''0.07Ti0.03Al0.16Si1.87O6 49.078 1.00073 3.51424 2.43225 12.8275 0 12.0603 18.8469 0.240133 0 0
1000.00 1015.00 27.723577 60.296630 -335735.532851 8.280208 31.494809 cpx Na0.02Ca0.77Fe''0.41Mg0.68Fe'''0.07Ti0.03Al0.16Si1.87O6 49.0768 1.01707 3.50475 2.41807 12.7824 0 12.0378 18.9227 0.240425 0 0
1000.00 1010.00 27.772333 60.266542 -336353.383996 8.292062 31.524414 cpx Na0.02Ca0.77Fe''0.41Mg0.68Fe'''0.07Ti0.03Al0.16Si1.87O6 49.0721 1.00978 3.48576 2.43342 12.8033 0 11.9851 18.9701 0.240474 0 0
1000.00 1005.00 27.814002 60.220756 -336874.805401 8.301801 31.545875 cpx Na0.02Ca0.78Fe''0.41Mg0.68Fe'''0.07Ti0.03Al0.16Si1.87O6 49.0697 0.999228 3.46549 2.45084 12.8271 0 11.9331 19.014 0.240476 0 0
1000.00 1000.00 27.847449 60.157227 -337326.142785 8.309362 31.559166 cpx Na0.02Ca0.78Fe''0.41Mg0.67Fe'''0.07Ti0.03Al0.15Si1.87O6 49.0701 0.989048 3.44544 2.4656 12.8437 0 11.8868 19.0589 0.240465 0 0
1000.00 995.00 27.873801 60.078421 -337718.650687 8.315062 31.565487 cpx Na0.02Ca0.78Fe''0.41Mg0.67Fe'''0.07Ti0.03Al0.15Si1.87O6 49.0733 0.979181 3.42554 2.4777 12.8537 0 11.8455 19.1046 0.240438 0 0
1000.00 990.00 27.893990 59.986362 -338061.347635 8.319160 31.565816 cpx Na0.02Ca0.78Fe''0.41Mg0.67Fe'''0.07Ti0.03Al0.15Si1.87O6 49.0791 0.969576 3.40576 2.48721 12.8581 0 11.8089 19.151 0.240391 0 0
1000.00 985.00 27.908788 59.882729 -338361.500082 8.321867 31.560955 cpx Na0.02Ca0.78Fe''0.41Mg0.67Fe'''0.07Ti0.03Al0.15Si1.87O6 49.0874 0.960193 3.38606 2.4942 12.8573 0 11.7766 19.1979 0.240324 0 0
1000.00 980.00 27.918842 59.768914 -338624.997795 8.323360 31.551565 cpx Na0.02Ca0.79Fe''0.41Mg0.67Fe'''0.07Ti0.03Al0.15Si1.87O6 49.098 0.950997 3.3664 2.49873 12.852 0 11.7483 19.2453 0.240235 0 0
1000.00 975.00 27.924696 59.646087 -338856.645339 8.323785 31.538196 cpx Na0.02Ca0.79Fe''0.41Mg0.67Fe'''0.07Ti0.03Al0.15Si1.87O6 49.1109 0.941962 3.34676 2.50092 12.8427 0 11.7235 19.2931 0.240124 0 0
1000.00 970.00 27.926809 59.515234 -339060.388653 8.323265 31.521306 cpx Na0.02Ca0.79Fe''0.41Mg0.66Fe'''0.07Ti0.03Al0.15Si1.87O6 49.1259 0.933066 3.32712 2.50084 12.8297 0 11.7021 19.3412 0.239991 0 0
1000.00 965.00 27.925573 59.377191 -339239.491466 8.321902 31.501281 cpx Na0.02Ca0.79Fe''0.41Mg0.66Fe'''0.07Ti0.03Al0.15Si1.87O6 49.1428 0.92429 3.30748 2.4986 12.8136 0 11.6838 19.3896 0.239835 0 0
1000.00 960.00 27.921323 59.232674 -339396.672920 8.319786 31.478449 cpx Na0.02Ca0.79Fe''0.41Mg0.66Fe'''0.07Ti0.03Al0.15Si1.87O6 49.1616 0.91562 3.28782 2.49429 12.7945 0 11.6682 19.4382 0.239656 0 0
1000.00 955.00 27.914347 59.082298 -339534.215228 8.316990 31.453088 cpx Na0.02Ca0.80Fe''0.41Mg0.66Fe'''0.07Ti0.03Al0.15Si1.87O6 49.1822 0.907045 3.26814 2.48802 12.7729 0 11.6553 19.487 0.239456 0 0
1000.00 950.00 27.904898 58.926597 -339654.048154 8.313579 31.425437 cpx Na0.02Ca0.80Fe''0.41Mg0.66Fe'''0.07Ti0.03Al0.15Si1.87O6 49.2043 0.898555 3.24844 2.47988 12.7489 0 11.6447 19.536 0.239235 0 0
1000.00 945.00 27.893194 58.766033 -339757.815550 8.309610 31.395703 cpx Na0.02Ca0.80Fe''0.41Mg0.66Fe'''0.07Ti0.03Al0.14Si1.88O6 49.228 0.890143 3.2287 2.46998 12.7227 0 11.6364 19.585 0.238993 0 0
1000.00 940.00 27.879426 58.601014 -339846.927979 8.305131 31.364066 cpx Na0.02Ca0.80Fe''0.40Mg0.66Fe'''0.07Ti0.03Al0.14Si1.88O6 49.2532 0.881803 3.20893 2.4584 12.6947 0 11.6302 19.6341 0.238731 0 0
1000.00 935.00 27.934484 58.580969 -340819.170825 8.321524 31.411598 cpx Na0.02Ca0.80Fe''0.40Mg0.66Fe'''0.07Ti0.02Al0.14Si1.88O6 49.2827 0.87096 3.1975 2.43531 12.6649 0 11.628 19.6825 0.238141 0 0
1000.00 930.00 27.981180 58.542847 -341708.815988 8.335593 31.450382 cpx Na0.02Ca0.81Fe''0.40Mg0.66Fe'''0.07Ti0.02Al0.14Si1.88O6 49.3142 0.859391 3.18823 2.4087 12.6329 0 11.6284 19.7308 0.237439 0 0
1000.00 925.00 28.048370 58.549117 -343007.266862 8.356957 31.517352 cpx Na0.02Ca0.81Fe''0.40Mg0.66Fe'''0.07Ti0.02Al0.14Si1.88O6 49.3452 0.858677 3.18612 2.37582 12.552 0 11.6524 19.7938 0.236103 0 0
1000.00 920.00 28.077603 58.475008 -343843.371236 8.366997 31.541500 cpx Na0.02Ca0.81Fe''0.40Mg0.66Fe'''0.07Ti0.02Al0.14Si1.88O6 49.3756 0.858721 3.18417 2.34229 12.4715 0 11.6762 19.8568 0.234745 0 0
1000.00 915.00 28.077546 58.338954 -344311.379849 8.368219 31.532275 cpx Na0.02Ca0.81Fe''0.39Mg0.66Fe'''0.07Ti0.02Al0.14Si1.88O6 49.4057 0.858612 3.1819 2.3087 12.3943 0 11.6985 19.9189 0.233398 0 0
1000.00 910.00 28.056928 58.159556 -344519.931658 8.363249 31.499614 cpx Na0.02Ca0.81Fe''0.39Mg0.66Fe'''0.07Ti0.02Al0.14Si1.88O6 49.4355 0.858406 3.17945 2.27507 12.3196 0 11.7198 19.9801 0.232041 0 0
1000.00 905.00 28.021364 57.948781 -344539.123753 8.353776 31.449917 cpx Na0.02Ca0.82Fe''0.39Mg0.67Fe'''0.06Ti0.02Al0.14Si1.88O6 49.465 0.858145 3.17694 2.24146 12.2465 0 11.7405 20.0407 0.230659 0 0
1000.00 900.00 27.974567 57.714546 -344415.427779 8.340919 31.387415 cpx Na0.02Ca0.82Fe''0.39Mg0.67Fe'''0.06Ti0.02Al0.14Si1.88O6 49.4943 0.857864 3.17447 2.20788 12.1746 0 11.7609 20.1008 0.229235 0 0
1000.00 895.00 27.919020 57.462155 -344180.086271 8.325427 31.314947 cpx Na0.02Ca0.82Fe''0.38Mg0.67Fe'''0.06Ti0.02Al0.14Si1.88O6 49.5232 0.857598 3.17212 2.17436 12.1034 0 11.781 20.1605 0.227754 0 0
1000.00 890.00 27.868133 57.219130 -343971.529638 8.311063 31.246750 cpx Na0.02Ca0.82Fe''0.38Mg0.67Fe'''0.06Ti0.02Al0.14Si1.88O6 49.5528 0.856895 3.16823 2.14169 12.041 0 11.7958 20.2158 0.227729 0 0
1000.00 885.00 27.821300 56.984328 -343800.721555 8.297813 31.182729 cpx Na0.02Ca0.82Fe''0.38Mg0.67Fe'''0.06Ti0.02Al0.14Si1.88O6 49.5828 0.855989 3.16361 2.1094 11.9818 0 11.8089 20.2692 0.228287 0 0
1000.00 880.00 27.774891 56.750349 -343633.950995 8.284694 31.119153 cpx Na0.02Ca0.83Fe''0.38Mg0.67Fe'''0.06Ti0.02Al0.14Si1.88O6 49.6129 0.855057 3.1589 2.07718 11.9226 0 11.8224 20.3222 0.228844 0 0
1000.00 875.00 27.728897 56.517160 -343471.100612 8.271701 31.056006 cpx Na0.02Ca0.83Fe''0.38Mg0.67Fe'''0.06Ti0.02Al0.14Si1.88O6 49.6431 0.854101 3.15412 2.04505 11.8633 0 11.8362 20.3748 0.2294 0 0
1000.00 870.00 27.728897 56.381659 -343626.337065 8.270050 31.038555 cpx Na0.02Ca0.83Fe''0.38Mg0.67Fe'''0.06Ti0.02Al0.14Si1.88O6 49.6431 0.854101 3.15412 2.04505 11.8633 0 11.8362 20.3748 0.2294 0 0
1000.00 865.00 27.639096 56.055269 -343168.057171 8.246359 30.932062 cpx Na0.02Ca0.83Fe''0.37Mg0.67Fe'''0.06Ti0.02Al0.14Si1.89O6 49.7038 0.852344 3.14483 1.98166 11.7441 0 11.8641 20.478 0.231143 0 0
1000.00 860.00 27.594779 55.825395 -343022.088777 8.233868 30.870679 cpx Na0.02Ca0.83Fe''0.37Mg0.67Fe'''0.06Ti0.02Al0.14Si1.89O6 49.7343 0.851436 3.14008 1.95012 11.6843 0 11.8787 20.529 0.232024 0 0
1000.00 855.00 27.550826 55.596174 -342879.576908 8.221489 30.809659 cpx Na0.02Ca0.84Fe''0.37Mg0.67Fe'''0.05Ti0.02Al0.14Si1.89O6 49.7649 0.850508 3.13524 1.9187 11.6245 0 11.8935 20.5798 0.232905 0 0
1000.00 850.00 27.507230 55.367580 -342740.434686 8.209221 30.748989 cpx Na0.02Ca0.84Fe''0.37Mg0.67Fe'''0.05Ti0.02Al0.14Si1.89O6 49.7955 0.849561 3.13032 1.8874 11.5645 0 11.9088 20.6301 0.233785 0 0
1000.00 845.00 27.463981 55.139587 -342604.580588 8.197061 30.688655 cpx Na0.02Ca0.84Fe''0.36Mg0.67Fe'''0.05Ti0.02Al0.14Si1.89O6 49.8263 0.848596 3.12533 1.85623 11.5043 0 11.9244 20.6802 0.234666 0 0
1000.00 840.00 27.420644 54.910123 -342416.797110 8.184385 30.626066 cpx Na0.02Ca0.84Fe''0.36Mg0.67Fe'''0.05Ti0.02Al0.14Si1.89O6 49.853 0.84742 3.12042 1.82572 11.4601 0 11.9303 20.7274 0.235557 0 0
1000.00 835.00 27.378208 54.683576 -342289.662156 8.172482 30.566555 cpx Na0.02Ca0.84Fe''0.36Mg0.67Fe'''0.05Ti0.02Al0.14Si1.89O6 49.884 0.84643 3.11529 1.79484 11.3994 0 11.9468 20.7768 0.23644 0 0
1000.00 830.00 27.336088 54.457546 -342165.510837 8.160678 30.507337 cpx Na0.02Ca0.84Fe''0.36Mg0.68Fe'''0.05Ti0.02Al0.14Si1.89O6 49.9149 0.845425 3.11009 1.7641 11.3386 0 11.9636 20.826 0.237325 0 0
1000.00 825.00 27.336088 54.318999 -342318.001595 8.159071 30.488942 cpx Na0.02Ca0.84Fe''0.36Mg0.68Fe'''0.05Ti0.02Al0.14Si1.89O6 49.9149 0.845425 3.11009 1.7641 11.3386 0 11.9636 20.826 0.237325 0 0
1000.00 820.00 27.336088 54.179905 -342470.400021 8.157468 30.470404 cpx Na0.02Ca0.84Fe''0.36Mg0.68Fe'''0.05Ti0.02Al0.14Si1.89O6 49.9149 0.845425 3.11009 1.7641 11.3386 0 11.9636 20.826 0.237325 0 0
1000.00 815.00 27.336088 54.040259 -342622.705395 8.155867 30.451721 cpx Na0.02Ca0.84Fe''0.36Mg0.68Fe'''0.05Ti0.02Al0.14Si1.89O6 49.9149 0.845425 3.11009 1.7641 11.3386 0 11.9636 20.826 0.237325 0 0
1000.00 810.00 27.170654 53.558180 -341697.580594 8.114416 30.273201 cpx Na0.02Ca0.85Fe''0.35Mg0.68Fe'''0.05Ti0.02Al0.14Si1.89O6 50.0394 0.841273 3.08861 1.64279 11.0933 0 12.0343 21.0194 0.240875 0 0
1000.00 805.00 27.130027 53.334432 -341587.515107 8.103081 30.215303 cpx Na0.02Ca0.85Fe''0.35Mg0.68Fe'''0.05Ti0.02Al0.14Si1.89O6 50.0707 0.840207 3.08308 1.6129 11.0315 0 12.0529 21.067 0.241767 0 0
1000.00 800.00 27.089682 53.111087 -341480.125721 8.091835 30.157642 cpx Na0.02Ca0.86Fe''0.35Mg0.68Fe'''0.05Ti0.02Al0.14Si1.89O6 50.102 0.839131 3.07748 1.5832 10.9694 0 12.0719 21.1143 0.242661 0 0

quartz thermodynamic data and composition:
Pressure Temperature mass S H V Cp formula
1000.00 935.00 0.593995 1.280336 -8385.545342 0.234009 0.701369 SiO2
1000.00 930.00 1.243473 2.674176 -17561.692691 0.489877 1.467607 SiO2
1000.00 925.00 2.156035 4.626108 -30462.602162 0.849388 2.543529 SiO2
1000.00 920.00 2.912020 6.233828 -41161.082270 1.147214 3.433849 SiO2
1000.00 915.00 3.532964 7.545608 -49958.893542 1.391840 4.164186 SiO2
1000.00 910.00 4.057904 8.646595 -57405.866419 1.598645 4.780736 SiO2
1000.00 905.00 4.513285 9.594409 -63874.577252 1.778046 5.314788 SiO2
1000.00 900.00 4.917855 10.429825 -69629.223720 1.937429 5.788513 SiO2
1000.00 895.00 5.285512 11.182989 -74865.775277 2.082271 6.218341 SiO2
1000.00 890.00 5.386034 11.368498 -76321.283137 2.121873 6.333602 SiO2
1000.00 885.00 5.389116 11.347711 -76396.640263 2.123087 6.334194 SiO2
1000.00 880.00 5.392113 11.326607 -76470.802346 2.124267 6.334653 SiO2
1000.00 875.00 5.395027 11.305192 -76543.805775 2.125415 6.334981 SiO2
1000.00 870.00 5.395027 11.277551 -76575.472880 2.125415 6.331856 SiO2
1000.00 865.00 5.400803 11.261847 -76689.146473 2.127691 6.335477 SiO2
1000.00 860.00 5.403581 11.239738 -76760.270578 2.128785 6.335545 SiO2
1000.00 855.00 5.406285 11.217340 -76830.379663 2.129851 6.335492 SiO2
1000.00 850.00 5.408920 11.194658 -76899.505654 2.130889 6.335322 SiO2
1000.00 845.00 5.411487 11.171698 -76967.679798 2.131900 6.335038 SiO2
1000.00 840.00 5.407220 11.134529 -76938.641155 2.130219 6.326722 SiO2
1000.00 835.00 5.409839 11.111432 -77007.539483 2.131251 6.326430 SiO2
1000.00 830.00 5.412393 11.088063 -77075.535672 2.132257 6.326026 SiO2
1000.00 825.00 5.412393 11.059333 -77107.157251 2.132257 6.322600 SiO2
1000.00 820.00 5.412393 11.030487 -77138.761616 2.132257 6.319140 SiO2
1000.00 815.00 5.412393 11.001526 -77170.348591 2.132257 6.315644 SiO2
1000.00 810.00 5.422009 10.991942 -77339.082267 2.136045 6.323327 SiO2
1000.00 805.00 5.424273 10.967271 -77402.999260 2.136937 6.322392 SiO2
1000.00 800.00 5.426485 10.942351 -77466.182433 2.137809 6.321356 SiO2
