Title: dummy

Solid Composition:
Pressure Temperature mass SiO2 TiO2 Al2O3 Fe2O3 FeO MnO MgO CaO Na2O K2O P2O5 
1000.00 1200.00 0.000000 ---
1000.00 1195.00 0.000000 ---
1000.00 1190.00 1.078216 49.5974 0 32.322 0 -1.84948e-13 -3.4239e-14 0 15.0931 2.92653 0.0609141 -1.96971e-13
1000.00 1185.00 2.783141 49.7873 0 32.1933 0 -7.16506e-14 -4.86366e-14 -4.01946e-14 14.9426 3.01209 0.0647416 -7.85203e-14
1000.00 1180.00 6.848675 50.2608 0.123222 23.9485 0.637589 1.98813 2.6952e-15 4.61538 16.0938 2.28277 0.0498614 -6.65142e-14
1000.00 1175.00 11.961422 50.5393 0.175739 20.5353 0.877185 2.9748 1.02878e-15 6.51391 16.3144 2.02368 0.0456194 -1.82698e-14
1000.00 1170.00 16.816017 50.7344 0.196252 19.2068 0.952308 3.50701 7.31783e-16 7.23389 16.1536 1.96945 0.0463504 -1.28125e-15
1000.00 1165.00 21.456296 50.8992 0.206686 18.4927 0.982207 3.91758 -1.72057e-15 7.60414 15.8746 1.97416 0.0488001 -1.0185e-14
1000.00 1160.00 25.902232 51.0446 0.212581 18.0426 0.995651 4.28229 -4.51328e-15 7.81887 15.5485 2.00259 0.0522077 8.55567e-15
1000.00 1155.00 30.150179 51.1736 0.216318 17.729 1.00329 4.62329 4.08146e-16 7.94584 15.2108 2.04156 0.0562924 -3.98138e-15
1000.00 1150.00 34.391549 51.2804 0.221306 17.5098 1.01237 5.00602 -1.07343e-15 8.04802 14.7772 2.0837 0.0611204 2.23742e-15
1000.00 1145.00 38.299523 51.3685 0.227826 17.3248 1.025 5.33924 3.21301e-16 8.08755 14.4346 2.12618 0.0662539 2.00912e-15
1000.00 1140.00 41.910278 51.4421 0.23545 17.1605 1.04049 5.6403 8.80859e-16 8.08835 14.1537 2.16747 0.0716433 1.83602e-15
1000.00 1135.00 45.259039 51.5034 0.243977 17.0095 1.05856 5.92026 8.15683e-16 8.06468 13.9156 2.20668 0.0772501 6.12063e-16
1000.00 1130.00 48.374422 51.5536 0.253326 16.8677 1.07912 6.18578 1.27192e-15 8.0252 13.7091 2.24321 0.0830316 -4.45391e-16
1000.00 1125.00 51.279817 51.5931 0.263485 16.7323 1.10224 6.44107 -2.39971e-16 7.97549 13.5267 2.27667 0.0889382 5.34198e-15
1000.00 1120.00 53.994506 51.6221 0.274499 16.6016 1.12805 6.6889 4.55812e-16 7.91931 13.3639 2.30677 0.0949103 2.33719e-15
1000.00 1115.00 56.534589 51.6406 0.286463 16.4744 1.1568 6.93114 2.17666e-16 7.85928 13.2171 2.33333 0.100878 4.8999e-16
1000.00 1110.00 58.913802 51.6484 0.299522 16.3498 1.18878 7.16913 -2.08876e-16 7.7973 13.0841 2.35621 0.106759 3.81386e-15
1000.00 1105.00 61.144247 51.645 0.313883 16.2273 1.22443 7.40388 0 7.73475 12.963 2.37532 0.112462 -3.17135e-15
1000.00 1100.00 63.237065 51.6299 0.329829 16.1061 1.26425 7.63627 3.89192e-16 7.6726 12.8526 2.39065 0.117883 4.86729e-17
1000.00 1095.00 71.101156 48.9157 1.21176 14.8681 2.76833 10.0774 -6.92291e-16 7.51473 12.3945 2.16001 0.0895182 -2.81382e-15
1000.00 1090.00 73.338644 48.7153 1.30591 14.7397 2.87041 10.3814 1.67793e-16 7.42784 12.3041 2.16453 0.0907663 -3.77719e-15
1000.00 1085.00 75.113342 48.6022 1.36915 14.6555 2.92546 10.5871 0 7.35509 12.2391 2.17387 0.0924993 -7.37589e-16
1000.00 1080.00 76.574330 48.5337 1.41541 14.5953 2.95717 10.7363 0 7.29318 12.1899 2.1847 0.094388 -2.93426e-15
1000.00 1075.00 77.804954 48.4906 1.45114 14.5502 2.97583 10.8488 -1.58161e-16 7.23983 12.1515 2.19573 0.0963031 -2.33402e-15
1000.00 1070.00 78.858814 48.4632 1.47983 14.5152 2.98669 10.936 -7.80235e-16 7.19341 12.121 2.20642 0.0981866 -2.45895e-15
1000.00 1065.00 79.773049 48.4458 1.50359 14.4873 2.99266 11.0049 0 7.15264 12.0965 2.21653 0.100012 -4.90012e-15
1000.00 1060.00 80.574622 48.4349 1.52375 14.4647 2.99549 11.0603 -8.39982e-16 7.11655 12.0765 2.22598 0.101767 -2.06279e-15
1000.00 1055.00 81.283745 48.4284 1.54121 14.4461 2.99625 11.1052 -6.05566e-16 7.08439 12.0602 2.23476 0.103449 -1.32533e-15
1000.00 1050.00 81.915951 48.4249 1.55659 14.4306 2.99565 11.142 -7.51116e-16 7.05554 12.0467 2.2429 0.105057 -3.26896e-15
1000.00 1045.00 82.483403 48.4234 1.57033 14.4175 2.99412 11.1724 1.4919e-16 7.02951 12.0357 2.25042 0.106594 -8.58263e-16
1000.00 1040.00 82.995784 48.4234 1.58275 14.4064 2.99199 11.1975 0 7.0059 12.0266 2.25738 0.108063 -3.52311e-15
1000.00 1035.00 83.460904 48.4242 1.5941 14.3969 2.98947 11.2184 -2.94885e-16 6.9844 12.0192 2.26383 0.109469 -8.48211e-16
1000.00 1030.00 83.887525 48.4246 1.6046 14.3884 2.98666 11.2357 2.93385e-16 6.9646 12.0139 2.26974 0.11082 0.000881639
1000.00 1025.00 84.289271 48.4207 1.61457 14.3795 2.98352 11.2491 0 6.94585 12.0139 2.27493 0.112145 0.00584631
1000.00 1020.00 84.657986 48.4176 1.62386 14.3717 2.98031 11.2601 0 6.92859 12.0142 2.27977 0.113417 0.0102883
1000.00 1015.00 84.997662 48.4153 1.63257 14.365 2.9771 11.2692 4.3433e-16 6.91265 12.015 2.28428 0.114638 0.0142725
1000.00 1010.00 85.495384 48.4424 1.65392 14.3504 2.96729 11.2599 0.00460053 6.88678 12.0104 2.28586 0.11693 0.0215607
1000.00 1005.00 85.975532 48.4719 1.67464 14.3364 2.95742 11.2483 0.00975458 6.86153 12.0052 2.28701 0.11929 0.0285712
1000.00 1000.00 86.413268 48.4994 1.69296 14.3239 2.94848 11.2372 0.0147339 6.83844 12.0005 2.28814 0.121543 0.0348091
1000.00 995.00 86.813367 48.5247 1.70925 14.3129 2.94035 11.2265 0.0195386 6.81729 11.9961 2.28925 0.123694 0.0403741
1000.00 990.00 87.180000 48.5482 1.72381 14.3032 2.93294 11.2163 0.0241717 6.79787 11.992 2.29033 0.125748 0.0453496
1000.00 985.00 87.516813 48.57 1.73689 14.2945 2.92617 11.2065 0.028638 6.78 11.9883 2.29138 0.127708 0.0498056
1000.00 980.00 87.826997 48.5901 1.74868 14.2869 2.91998 11.1972 0.0329439 6.76352 11.9849 2.29239 0.12958 0.0538011
1000.00 975.00 88.113343 48.6088 1.75936 14.2801 2.91429 11.1882 0.0370968 6.7483 11.9818 2.29337 0.131368 0.0573862
1000.00 970.00 88.378299 48.6261 1.76908 14.274 2.90906 11.1795 0.041104 6.73419 11.9789 2.29432 0.133077 0.0606033
1000.00 965.00 88.624011 48.6422 1.77795 14.2687 2.90424 11.1712 0.0449735 6.7211 11.9763 2.29522 0.134712 0.0634886
1000.00 960.00 88.852365 48.6571 1.78606 14.2639 2.89979 11.1632 0.0487129 6.70892 11.9739 2.2961 0.136276 0.066073
1000.00 955.00 89.065022 48.671 1.79352 14.2597 2.89566 11.1555 0.0523298 6.69758 11.9716 2.29694 0.137773 0.068383
1000.00 950.00 89.263446 48.6841 1.8004 14.256 2.89184 11.148 0.0558312 6.68698 11.9695 2.29775 0.139208 0.0704412
1000.00 945.00 89.448932 48.6962 1.80674 14.2527 2.88829 11.1408 0.0592239 6.67708 11.9676 2.29852 0.140583 0.0722671
1000.00 940.00 89.622626 48.7076 1.81262 14.2498 2.88498 11.1339 0.0625144 6.6678 11.9657 2.29926 0.141902 0.0738773
1000.00 935.00 90.801608 49.0381 1.81361 14.1869 2.85657 11.0218 0.0705884 6.5914 11.8943 2.28529 0.153452 0.0879667
1000.00 930.00 92.061749 49.3894 1.81283 14.1216 2.8264 10.9016 0.080269 6.5111 11.8164 2.26933 0.168116 0.102982
1000.00 925.00 93.745600 49.8235 1.80894 14.0396 2.78649 10.7427 0.116146 6.40632 11.7136 2.24575 0.191236 0.125753
1000.00 920.00 95.151848 50.1747 1.80499 13.9768 2.75346 10.6117 0.144464 6.32105 11.6271 2.2255 0.215833 0.144396
1000.00 915.00 96.324071 50.4605 1.80113 13.9289 2.72602 10.5033 0.165835 6.25136 11.5539 2.20809 0.241295 0.159633
1000.00 910.00 97.332745 50.7012 1.79729 13.8915 2.70239 10.4103 0.182396 6.19228 11.4896 2.1926 0.267753 0.172584
1000.00 905.00 98.225867 50.9102 1.7934 13.8616 2.68143 10.3281 0.195516 6.14058 11.4315 2.17841 0.295361 0.183984
1000.00 900.00 99.037782 51.0964 1.78942 13.8372 2.66232 10.2533 0.206113 6.09403 11.3775 2.16507 0.324305 0.194346
1000.00 895.00 99.794351 51.2666 1.78529 13.817 2.64446 10.1836 0.214824 6.05103 11.3261 2.15225 0.354808 0.204049
1000.00 890.00 100.000000 51.3122 1.7841 13.812 2.6396 10.1646 0.217 6.0394 11.312 2.1487 0.3637 0.2067
1000.00 885.00 100.000000 51.3122 1.7841 13.812 2.6396 10.1646 0.217 6.0394 11.312 2.1487 0.3637 0.2067
1000.00 880.00 100.000000 51.3122 1.7841 13.812 2.6396 10.1646 0.217 6.0394 11.312 2.1487 0.3637 0.2067
1000.00 875.00 100.000000 51.3122 1.7841 13.812 2.6396 10.1646 0.217 6.0394 11.312 2.1487 0.3637 0.2067
1000.00 870.00 100.000000 51.3122 1.7841 13.812 2.6396 10.1646 0.217 6.0394 11.312 2.1487 0.3637 0.2067
1000.00 865.00 100.000000 51.3122 1.7841 13.812 2.6396 10.1646 0.217 6.0394 11.312 2.1487 0.3637 0.2067
1000.00 860.00 100.000000 51.3122 1.7841 13.812 2.6396 10.1646 0.217 6.0394 11.312 2.1487 0.3637 0.2067
1000.00 855.00 100.000000 51.3122 1.7841 13.812 2.6396 10.1646 0.217 6.0394 11.312 2.1487 0.3637 0.2067
1000.00 850.00 100.000000 51.3122 1.7841 13.812 2.6396 10.1646 0.217 6.0394 11.312 2.1487 0.3637 0.2067
1000.00 845.00 100.000000 51.3122 1.7841 13.812 2.6396 10.1646 0.217 6.0394 11.312 2.1487 0.3637 0.2067
1000.00 840.00 99.524497 51.5494 1.79192 13.8779 2.65044 10.2132 0.210731 6.06224 11.1198 2.15897 0.365382 -4.63896e-16
1000.00 835.00 99.524875 51.5494 1.79194 13.8779 2.65046 10.2131 0.210887 6.06225 11.1198 2.15896 0.365382 -1.02057e-15
1000.00 830.00 99.525243 51.5493 1.79196 13.8778 2.65048 10.2131 0.21104 6.06227 11.1197 2.15895 0.365383 7.11301e-16
1000.00 825.00 99.525243 51.5493 1.79196 13.8778 2.65048 10.2131 0.21104 6.06227 11.1197 2.15895 0.365383 7.11301e-16
1000.00 820.00 99.525243 51.5493 1.79196 13.8778 2.65048 10.2131 0.21104 6.06227 11.1197 2.15895 0.365383 7.11301e-16
1000.00 815.00 99.525243 51.5493 1.79196 13.8778 2.65048 10.2131 0.21104 6.06227 11.1197 2.15895 0.365383 7.11301e-16
1000.00 810.00 99.526620 51.549 1.79204 13.8776 2.65055 10.2129 0.21162 6.06234 11.1196 2.15892 0.365385 -6.4944e-16
1000.00 805.00 99.526942 51.5489 1.79206 13.8776 2.65056 10.2129 0.211757 6.06235 11.1196 2.15891 0.365386 8.96843e-16
1000.00 800.00 99.527256 51.5488 1.79207 13.8776 2.65058 10.2129 0.211892 6.06237 11.1195 2.15891 0.365386 -1.5772e-15