Title: dummy

Phase Masses:
Pressure Temperature mass liquid_0 olivine_0 clinopyroxene_0 clinopyroxene_1 feldspar_0 feldspar_1 quartz spinel_0 rhm-oxide_0 whitlockite 
1000.00 1100.00 99.999999 99.999999 0.000000 0.000000 0.000000 0.000000 0.000000 0.000000 0.000000 0.000000 0.000000 
1000.00 1095.00 99.999999 99.999999 0.000000 0.000000 0.000000 0.000000 0.000000 0.000000 0.000000 0.000000 0.000000 
1000.00 1090.00 99.999999 99.999999 0.000000 0.000000 0.000000 0.000000 0.000000 0.000000 0.000000 0.000000 0.000000 
1000.00 1085.00 99.999999 99.999999 0.000000 0.000000 0.000000 0.000000 0.000000 0.000000 0.000000 0.000000 0.000000 
1000.00 1080.00 99.999999 99.999999 0.000000 0.000000 0.000000 0.000000 0.000000 0.000000 0.000000 0.000000 0.000000 
1000.00 1075.00 99.999999 99.999999 0.000000 0.000000 0.000000 0.000000 0.000000 0.000000 0.000000 0.000000 0.000000 
1000.00 1070.00 99.999999 99.999932 0.000000 0.000000 0.000000 0.000066 0.000000 0.000000 0.000000 0.000000 0.000000 
1000.00 1065.00 99.999999 97.047808 0.000000 0.788436 0.320784 1.342046 0.000000 0.000000 0.500925 0.000000 0.000000 
1000.00 1060.00 99.999999 94.283015 0.000000 1.564379 0.576412 2.613753 0.000000 0.000000 0.962439 0.000000 0.000000 
1000.00 1055.00 99.999999 91.694081 0.000000 2.322719 0.778344 3.817620 0.000000 0.000000 1.387235 0.000000 0.000000 
1000.00 1050.00 99.999999 89.269055 0.000000 3.059846 0.936352 4.956652 0.000000 0.000000 1.778094 0.000000 0.000000 
1000.00 1045.00 99.999999 86.996166 0.000000 3.773399 1.058513 6.034149 0.000000 0.000000 2.137771 0.000000 0.000000 
1000.00 1040.00 99.999999 84.864135 0.000000 4.462009 1.151414 7.053527 0.000000 0.000000 2.468913 0.000000 0.000000 
1000.00 1035.00 99.999999 82.862358 0.000000 5.125044 1.220387 8.018193 0.000000 0.000000 2.774017 0.000000 0.000000 
1000.00 1030.00 99.999999 80.980995 0.000000 5.762413 1.269734 8.931460 0.000000 0.000000 3.055397 0.000000 0.000000 
1000.00 1025.00 99.999999 79.184996 0.000000 6.382631 1.299931 9.797211 0.000000 0.000000 3.317122 0.000000 0.018108 
1000.00 1020.00 99.999999 77.222174 0.000000 7.049355 1.417754 10.699604 0.000000 0.000000 3.225606 0.311720 0.073786 
1000.00 1015.00 99.999999 75.323516 0.000000 7.687816 1.565304 11.570793 0.000000 0.000000 3.044285 0.680530 0.127755 
1000.00 1010.00 99.999999 73.541862 0.000000 8.285629 1.714861 12.392676 0.000000 0.000000 2.863691 1.024785 0.176495 
1000.00 1005.00 99.999999 71.866803 0.000000 8.847802 1.864366 13.168928 0.000000 0.000000 2.685109 1.346422 0.220567 
1000.00 1000.00 99.999999 70.289609 0.000000 9.378391 2.011965 13.902787 0.000000 0.000000 2.509783 1.647022 0.260442 
1000.00 995.00 99.999999 68.802863 0.000000 9.880676 2.156016 14.597139 0.000000 0.000000 2.338880 1.927906 0.296518 
1000.00 990.00 99.999999 67.400172 0.000000 10.357316 2.295113 15.254596 0.000000 0.000000 2.173454 2.190215 0.329132 
1000.00 985.00 99.999999 66.075933 0.000000 10.810470 2.428092 15.877543 0.000000 0.000000 2.014416 2.434969 0.358575 
1000.00 980.00 99.999999 64.825143 0.000000 11.241906 2.554040 16.468183 0.000000 0.000000 1.862513 2.663114 0.385099 
1000.00 975.00 99.999999 63.643266 0.000000 11.653088 2.672292 17.028565 0.000000 0.000000 1.718309 2.875558 0.408921 
1000.00 970.00 99.999999 62.525707 0.002708 12.046167 2.778891 17.560840 0.000000 0.000000 1.582158 3.073227 0.430302 
1000.00 965.00 99.999999 61.435963 0.246750 12.500635 2.562577 18.086295 0.000000 0.000000 1.452686 3.259524 0.455569 
1000.00 960.00 99.999999 60.413581 0.470607 12.926007 2.363528 18.583183 0.000000 0.000000 1.334269 3.430693 0.478129 
1000.00 955.00 99.999999 59.453071 0.676521 13.324736 2.179401 19.053776 0.000000 0.000000 1.226165 3.588132 0.498197 
1000.00 950.00 99.999999 58.549498 0.866452 13.698980 2.008244 19.500118 0.000000 0.000000 1.127640 3.733110 0.515956 
1000.00 945.00 99.999999 57.698417 1.042111 14.050656 1.848436 19.924054 0.000000 0.000000 1.037983 3.866776 0.531566 
1000.00 940.00 99.999999 56.895822 1.204999 14.381469 1.698619 20.327246 0.000000 0.000000 0.956514 3.990169 0.545161 
1000.00 935.00 99.999999 49.519499 2.183060 15.823309 0.151497 22.449922 0.000000 3.960595 0.952096 4.222000 0.738020 
1000.00 930.00 99.999999 43.336149 2.684864 16.273800 0.000000 24.268773 0.000000 7.249898 0.858826 4.436263 0.891426 
1000.00 925.00 99.999999 38.407470 3.030153 16.588018 0.000000 25.726665 0.000000 9.855987 0.765410 4.612482 1.013814 
1000.00 920.00 99.999999 34.311631 3.301313 16.864923 0.000000 26.944684 0.000000 12.018532 0.683838 4.758528 1.116550 
1000.00 915.00 99.999999 30.843109 3.519321 17.105586 0.000000 27.986793 0.000000 13.846308 0.613739 4.880699 1.204443 
1000.00 910.00 99.999999 27.853435 3.698037 17.313062 0.000000 28.899244 0.000000 15.417177 0.554195 4.983838 1.281011 
1000.00 905.00 99.999999 25.230787 3.847102 17.491001 0.000000 29.717109 0.000000 16.789212 0.504088 5.071735 1.348964 
1000.00 900.00 99.999999 22.887374 3.973503 17.643082 0.000000 30.468426 0.000000 18.007442 0.462261 5.147413 1.410499 
1000.00 895.00 99.999999 12.110462 4.345201 18.070962 0.000000 31.281115 3.694633 23.032837 0.282478 5.439494 1.742816 
1000.00 890.00 99.999999 0.000000 4.751537 18.464507 0.000000 31.805307 8.410244 28.588812 0.084415 5.758669 2.136508 
1000.00 885.00 99.999999 0.000000 4.760638 18.430637 0.000000 31.789005 8.427524 28.597682 0.108861 5.749142 2.136508 
1000.00 880.00 99.999999 0.000000 4.769614 18.396941 0.000000 31.773435 8.444116 28.606466 0.133202 5.739717 2.136508 
1000.00 875.00 99.999999 0.000000 4.778468 18.363422 0.000000 31.758577 8.460036 28.615162 0.157431 5.730395 2.136508 
1000.00 870.00 99.999999 0.000000 4.787205 18.330084 0.000000 31.744412 8.475301 28.623772 0.181543 5.721173 2.136508 
1000.00 865.00 99.999999 0.000000 4.795828 18.296932 0.000000 31.730922 8.489928 28.632294 0.205532 5.712053 2.136508 
1000.00 860.00 99.999999 0.000000 4.804340 18.263969 0.000000 31.718091 8.503931 28.640731 0.229394 5.703034 2.136508 
1000.00 855.00 99.999999 0.000000 4.812747 18.231198 0.000000 31.705901 8.517326 28.649081 0.253125 5.694113 2.136508 
1000.00 850.00 99.999999 0.000000 4.821051 18.198622 0.000000 31.694335 8.530127 28.657346 0.276718 5.685291 2.136508 
1000.00 845.00 99.999999 0.000000 4.829257 18.166243 0.000000 31.683378 8.542348 28.665526 0.300172 5.676566 2.136508 
1000.00 840.00 99.999999 0.000000 4.837368 18.134065 0.000000 31.673014 8.554004 28.673622 0.323482 5.667935 2.136508 
1000.00 835.00 99.999999 2.221855 4.734964 18.135112 0.000000 31.668434 8.562761 28.671729 0.356993 5.648152 0.000000 
1000.00 830.00 99.999999 2.220478 4.745217 18.102356 0.000000 31.659076 8.573418 28.679953 0.379266 5.640235 0.000000 
1000.00 825.00 99.999999 2.219131 4.755331 18.069838 0.000000 31.650266 8.583544 28.688089 0.401416 5.632384 0.000000 
1000.00 820.00 99.999999 2.217813 4.765309 18.037560 0.000000 31.641990 8.593151 28.696138 0.423439 5.624598 0.000000 
1000.00 815.00 99.999999 2.216522 4.775159 18.005523 0.000000 31.634234 8.602252 28.704102 0.445333 5.616875 0.000000 
1000.00 810.00 99.999999 2.215259 4.784883 17.973728 0.000000 31.626983 8.610858 28.711981 0.467092 5.609215 0.000000 
1000.00 805.00 99.999999 2.214022 4.794489 17.942177 0.000000 31.620224 8.618979 28.719778 0.488714 5.601615 0.000000 
1000.00 800.00 99.999999 2.212810 4.803982 17.910870 0.000000 31.613943 8.626629 28.727494 0.510196 5.594075 0.000000 
